# Time	Count
4.959381044487427204e+01	4.800000000000000000e+01
6.878143133462282321e+01	1.700000000000000000e+01
8.796905222437136729e+01	2.700000000000000000e+01
1.071566731141199114e+02	3.000000000000000000e+01
1.263442940038684696e+02	1.600000000000000000e+01
1.455319148936169995e+02	1.800000000000000000e+01
1.647195357833655578e+02	6.000000000000000000e+01
1.839071566731141161e+02	1.200000000000000000e+01
2.030947775628626459e+02	4.000000000000000000e+00
2.222823984526112042e+02	6.000000000000000000e+00
2.414700193423597625e+02	9.000000000000000000e+00
2.606576402321082924e+02	9.000000000000000000e+00
2.798452611218568791e+02	0.000000000000000000e+00
2.990328820116053521e+02	4.000000000000000000e+00
3.182205029013539388e+02	4.000000000000000000e+00
3.374081237911025255e+02	6.000000000000000000e+00
3.565957446808509985e+02	7.000000000000000000e+00
3.757833655705995852e+02	1.000000000000000000e+00
3.949709864603481719e+02	5.000000000000000000e+00
4.141586073500966450e+02	2.000000000000000000e+00
4.333462282398452317e+02	7.000000000000000000e+00
4.525338491295938184e+02	5.000000000000000000e+00
4.717214700193422914e+02	4.000000000000000000e+00
4.909090909090908781e+02	8.000000000000000000e+00
5.100967117988394648e+02	0.000000000000000000e+00
5.292843326885879378e+02	1.000000000000000000e+00
5.484719535783365245e+02	5.000000000000000000e+00
5.676595744680851112e+02	8.000000000000000000e+00
5.868471953578335842e+02	5.000000000000000000e+00
6.060348162475821709e+02	7.000000000000000000e+00
6.252224371373306440e+02	6.000000000000000000e+00
6.444100580270792307e+02	3.000000000000000000e+00
6.635976789168278174e+02	5.000000000000000000e+00
6.827852998065764041e+02	2.000000000000000000e+00
7.019729206963248771e+02	5.000000000000000000e+00
7.211605415860734638e+02	6.000000000000000000e+00
7.403481624758219368e+02	7.000000000000000000e+00
7.595357833655705235e+02	3.000000000000000000e+00
7.787234042553191102e+02	1.100000000000000000e+01
7.979110251450676969e+02	5.000000000000000000e+00
8.170986460348161700e+02	3.000000000000000000e+00
8.362862669245647567e+02	7.000000000000000000e+00
8.554738878143132297e+02	2.000000000000000000e+00
8.746615087040618164e+02	3.000000000000000000e+00
8.938491295938104031e+02	7.000000000000000000e+00
9.130367504835589898e+02	5.000000000000000000e+00
9.322243713733074628e+02	3.000000000000000000e+00
9.514119922630560495e+02	4.000000000000000000e+00
9.705996131528045225e+02	4.000000000000000000e+00
9.897872340425531092e+02	0.000000000000000000e+00
1.008974854932301696e+03	8.000000000000000000e+00
1.028162475822050055e+03	2.000000000000000000e+00
1.047350096711798869e+03	0.000000000000000000e+00
1.066537717601547229e+03	1.000000000000000000e+00
1.085725338491296043e+03	5.000000000000000000e+00
1.104912959381044402e+03	3.000000000000000000e+00
1.124100580270792761e+03	3.000000000000000000e+00
1.143288201160541576e+03	1.000000000000000000e+00
1.162475822050289935e+03	4.000000000000000000e+00
1.181663442940038749e+03	3.000000000000000000e+00
1.200851063829787108e+03	4.000000000000000000e+00
1.220038684719535695e+03	0.000000000000000000e+00
1.239226305609284282e+03	5.000000000000000000e+00
1.258413926499032641e+03	2.000000000000000000e+00
1.277601547388781455e+03	2.000000000000000000e+00
1.296789168278529814e+03	3.000000000000000000e+00
1.315976789168278401e+03	5.000000000000000000e+00
1.335164410058026988e+03	3.000000000000000000e+00
1.354352030947775347e+03	2.000000000000000000e+00
1.373539651837524161e+03	4.000000000000000000e+00
1.392727272727272521e+03	2.000000000000000000e+00
1.411914893617021335e+03	3.000000000000000000e+00
1.431102514506769694e+03	3.000000000000000000e+00
1.450290135396518053e+03	0.000000000000000000e+00
1.469477756286266867e+03	7.000000000000000000e+00
1.488665377176015227e+03	0.000000000000000000e+00
1.507852998065764041e+03	2.000000000000000000e+00
1.527040618955512400e+03	2.000000000000000000e+00
1.546228239845260987e+03	2.000000000000000000e+00
1.565415860735009574e+03	1.000000000000000000e+00
1.584603481624757933e+03	4.000000000000000000e+00
1.603791102514506747e+03	6.000000000000000000e+00
1.622978723404255106e+03	2.000000000000000000e+00
1.642166344294003920e+03	2.000000000000000000e+00
1.661353965183752280e+03	4.000000000000000000e+00
1.680541586073500639e+03	1.000000000000000000e+00
1.699729206963249453e+03	2.000000000000000000e+00
1.718916827852997812e+03	5.000000000000000000e+00
1.738104448742746627e+03	3.000000000000000000e+00
1.757292069632494986e+03	7.000000000000000000e+00
1.776479690522243573e+03	5.000000000000000000e+00
1.795667311411992159e+03	4.000000000000000000e+00
1.814854932301740519e+03	5.000000000000000000e+00
1.834042553191489333e+03	5.000000000000000000e+00
1.853230174081237692e+03	4.000000000000000000e+00
1.872417794970986506e+03	3.000000000000000000e+00
1.891605415860734865e+03	5.000000000000000000e+00
1.910793036750483225e+03	0.000000000000000000e+00
1.929980657640232039e+03	0.000000000000000000e+00
1.949168278529980398e+03	4.000000000000000000e+00
1.968355899419729212e+03	4.000000000000000000e+00
1.987543520309477572e+03	1.000000000000000000e+00
2.006731141199225931e+03	4.000000000000000000e+00
2.025918762088974745e+03	1.000000000000000000e+00
2.045106382978723332e+03	4.000000000000000000e+00
2.064294003868471918e+03	4.000000000000000000e+00
2.083481624758220278e+03	4.000000000000000000e+00
2.102669245647968637e+03	3.000000000000000000e+00
2.121856866537717451e+03	4.000000000000000000e+00
2.141044487427466265e+03	1.000000000000000000e+00
2.160232108317214625e+03	2.000000000000000000e+00
2.179419729206962984e+03	4.000000000000000000e+00
2.198607350096711343e+03	1.000000000000000000e+00
2.217794970986460157e+03	1.000000000000000000e+00
2.236982591876208971e+03	2.000000000000000000e+00
2.256170212765957331e+03	2.000000000000000000e+00
2.275357833655705690e+03	1.000000000000000000e+00
2.294545454545454049e+03	2.000000000000000000e+00
2.313733075435202863e+03	2.000000000000000000e+00
2.332920696324951678e+03	2.000000000000000000e+00
2.352108317214700037e+03	4.000000000000000000e+00
2.371295938104448396e+03	1.000000000000000000e+00
2.390483558994197210e+03	2.000000000000000000e+00
2.409671179883945570e+03	0.000000000000000000e+00
2.428858800773694384e+03	3.000000000000000000e+00
2.448046421663442743e+03	4.000000000000000000e+00
2.467234042553191102e+03	1.000000000000000000e+00
2.486421663442939916e+03	2.000000000000000000e+00
2.505609284332688276e+03	2.000000000000000000e+00
2.524796905222437090e+03	1.000000000000000000e+00
2.543984526112185449e+03	3.000000000000000000e+00
2.563172147001933808e+03	1.000000000000000000e+00
2.582359767891682623e+03	4.000000000000000000e+00
2.601547388781430982e+03	2.000000000000000000e+00
2.620735009671179796e+03	1.000000000000000000e+00
2.639922630560928155e+03	4.000000000000000000e+00
2.659110251450676515e+03	4.000000000000000000e+00
2.678297872340425329e+03	2.000000000000000000e+00
2.697485493230174143e+03	3.000000000000000000e+00
2.716673114119922502e+03	2.000000000000000000e+00
2.735860735009670861e+03	5.000000000000000000e+00
2.755048355899419221e+03	4.000000000000000000e+00
2.774235976789168035e+03	2.000000000000000000e+00
2.793423597678916849e+03	2.000000000000000000e+00
2.812611218568665208e+03	1.000000000000000000e+00
2.831798839458413568e+03	0.000000000000000000e+00
2.850986460348161927e+03	2.000000000000000000e+00
2.870174081237910741e+03	0.000000000000000000e+00
2.889361702127659555e+03	3.000000000000000000e+00
2.908549323017407914e+03	1.000000000000000000e+00
2.927736943907156274e+03	3.000000000000000000e+00
2.946924564796905088e+03	2.000000000000000000e+00
2.966112185686653447e+03	2.000000000000000000e+00
2.985299806576402261e+03	2.000000000000000000e+00
3.004487427466150621e+03	1.000000000000000000e+00
3.023675048355898980e+03	3.000000000000000000e+00
3.042862669245647794e+03	1.000000000000000000e+00
3.062050290135396153e+03	3.000000000000000000e+00
3.081237911025144967e+03	4.000000000000000000e+00
3.100425531914893327e+03	5.000000000000000000e+00
3.119613152804641686e+03	0.000000000000000000e+00
3.138800773694390500e+03	2.000000000000000000e+00
3.157988394584138859e+03	2.000000000000000000e+00
3.177176015473887674e+03	4.000000000000000000e+00
3.196363636363636033e+03	2.000000000000000000e+00
3.215551257253384392e+03	2.000000000000000000e+00
3.234738878143133206e+03	1.000000000000000000e+00
3.253926499032882020e+03	2.000000000000000000e+00
3.273114119922630380e+03	1.000000000000000000e+00
3.292301740812378739e+03	0.000000000000000000e+00
3.311489361702127098e+03	0.000000000000000000e+00
3.330676982591875912e+03	1.000000000000000000e+00
3.349864603481624727e+03	0.000000000000000000e+00
3.369052224371373086e+03	1.000000000000000000e+00
3.388239845261121445e+03	3.000000000000000000e+00
3.407427466150869805e+03	1.000000000000000000e+00
3.426615087040618619e+03	2.000000000000000000e+00
3.445802707930367433e+03	0.000000000000000000e+00
3.464990328820115792e+03	0.000000000000000000e+00
3.484177949709864151e+03	1.000000000000000000e+00
3.503365570599612965e+03	3.000000000000000000e+00
3.522553191489361325e+03	2.000000000000000000e+00
3.541740812379110139e+03	1.000000000000000000e+00
3.560928433268858498e+03	2.000000000000000000e+00
3.580116054158606858e+03	2.000000000000000000e+00
3.599303675048355672e+03	1.000000000000000000e+00
3.618491295938104031e+03	3.000000000000000000e+00
3.637678916827852845e+03	3.000000000000000000e+00
3.656866537717601204e+03	2.000000000000000000e+00
3.676054158607349564e+03	0.000000000000000000e+00
3.695241779497098378e+03	1.000000000000000000e+00
3.714429400386847192e+03	2.000000000000000000e+00
3.733617021276595551e+03	1.000000000000000000e+00
3.752804642166343911e+03	3.000000000000000000e+00
3.771992263056092270e+03	0.000000000000000000e+00
3.791179883945841084e+03	2.000000000000000000e+00
3.810367504835589898e+03	0.000000000000000000e+00
3.829555125725338257e+03	2.000000000000000000e+00
3.848742746615086617e+03	3.000000000000000000e+00
3.867930367504834976e+03	0.000000000000000000e+00
3.887117988394583790e+03	0.000000000000000000e+00
3.906305609284332604e+03	2.000000000000000000e+00
3.925493230174080963e+03	2.000000000000000000e+00
3.944680851063829323e+03	0.000000000000000000e+00
3.963868471953577682e+03	2.000000000000000000e+00
3.983056092843326496e+03	4.000000000000000000e+00
4.002243713733075310e+03	1.000000000000000000e+00
4.021431334622823670e+03	3.000000000000000000e+00
4.040618955512572029e+03	0.000000000000000000e+00
4.059806576402320843e+03	3.000000000000000000e+00
4.078994197292069202e+03	1.000000000000000000e+00
4.098181818181818016e+03	0.000000000000000000e+00
4.117369439071566376e+03	1.000000000000000000e+00
4.136557059961314735e+03	0.000000000000000000e+00
4.155744680851063094e+03	0.000000000000000000e+00
4.174932301740812363e+03	0.000000000000000000e+00
4.194119922630560723e+03	1.000000000000000000e+00
4.213307543520309082e+03	0.000000000000000000e+00
4.232495164410057441e+03	1.000000000000000000e+00
4.251682785299806710e+03	2.000000000000000000e+00
4.270870406189555069e+03	0.000000000000000000e+00
4.290058027079303429e+03	0.000000000000000000e+00
4.309245647969051788e+03	1.000000000000000000e+00
4.328433268858800147e+03	3.000000000000000000e+00
4.347620889748548507e+03	0.000000000000000000e+00
4.366808510638297776e+03	0.000000000000000000e+00
4.385996131528046135e+03	3.000000000000000000e+00
4.405183752417794494e+03	1.000000000000000000e+00
4.424371373307542854e+03	0.000000000000000000e+00
4.443558994197292122e+03	1.000000000000000000e+00
4.462746615087040482e+03	0.000000000000000000e+00
4.481934235976788841e+03	0.000000000000000000e+00
4.501121856866537200e+03	1.000000000000000000e+00
4.520309477756285560e+03	2.000000000000000000e+00
4.539497098646033919e+03	0.000000000000000000e+00
4.558684719535783188e+03	0.000000000000000000e+00
4.577872340425531547e+03	1.000000000000000000e+00
4.597059961315279907e+03	0.000000000000000000e+00
4.616247582205028266e+03	2.000000000000000000e+00
4.635435203094777535e+03	0.000000000000000000e+00
4.654622823984525894e+03	2.000000000000000000e+00
4.673810444874274253e+03	2.000000000000000000e+00
4.692998065764022613e+03	1.000000000000000000e+00
4.712185686653770972e+03	2.000000000000000000e+00
4.731373307543520241e+03	1.000000000000000000e+00
4.750560928433268600e+03	0.000000000000000000e+00
4.769748549323016960e+03	0.000000000000000000e+00
4.788936170212765319e+03	0.000000000000000000e+00
4.808123791102514588e+03	3.000000000000000000e+00
4.827311411992262947e+03	1.000000000000000000e+00
4.846499032882011306e+03	1.000000000000000000e+00
4.865686653771759666e+03	1.000000000000000000e+00
4.884874274661508025e+03	1.000000000000000000e+00
4.904061895551256384e+03	1.000000000000000000e+00
4.923249516441005653e+03	2.000000000000000000e+00
4.942437137330754013e+03	0.000000000000000000e+00
4.961624758220502372e+03	2.000000000000000000e+00
4.980812379110250731e+03	1.000000000000000000e+00
5.000000000000000000e+03	1.000000000000000000e+00
5.019187620889748359e+03	1.000000000000000000e+00
5.038375241779496719e+03	0.000000000000000000e+00
5.057562862669245078e+03	0.000000000000000000e+00
5.076750483558993437e+03	0.000000000000000000e+00
5.095938104448741797e+03	0.000000000000000000e+00
5.115125725338491065e+03	0.000000000000000000e+00
5.134313346228239425e+03	1.000000000000000000e+00
5.153500967117987784e+03	2.000000000000000000e+00
5.172688588007736143e+03	1.000000000000000000e+00
5.191876208897485412e+03	0.000000000000000000e+00
5.211063829787233772e+03	0.000000000000000000e+00
5.230251450676982131e+03	0.000000000000000000e+00
5.249439071566730490e+03	1.000000000000000000e+00
5.268626692456478850e+03	2.000000000000000000e+00
5.287814313346228118e+03	2.000000000000000000e+00
5.307001934235976478e+03	1.000000000000000000e+00
5.326189555125724837e+03	1.000000000000000000e+00
5.345377176015473196e+03	0.000000000000000000e+00
5.364564796905222465e+03	2.000000000000000000e+00
5.383752417794970825e+03	1.000000000000000000e+00
5.402940038684719184e+03	1.000000000000000000e+00
5.422127659574467543e+03	1.000000000000000000e+00
5.441315280464215903e+03	2.000000000000000000e+00
5.460502901353964262e+03	0.000000000000000000e+00
5.479690522243713531e+03	1.000000000000000000e+00
5.498878143133461890e+03	0.000000000000000000e+00
5.518065764023210249e+03	1.000000000000000000e+00
5.537253384912958609e+03	0.000000000000000000e+00
5.556441005802707878e+03	0.000000000000000000e+00
5.575628626692456237e+03	0.000000000000000000e+00
5.594816247582204596e+03	0.000000000000000000e+00
5.614003868471952956e+03	0.000000000000000000e+00
5.633191489361701315e+03	1.000000000000000000e+00
5.652379110251449674e+03	2.000000000000000000e+00
5.671566731141198943e+03	0.000000000000000000e+00
5.690754352030947302e+03	0.000000000000000000e+00
5.709941972920695662e+03	0.000000000000000000e+00
5.729129593810444021e+03	0.000000000000000000e+00
5.748317214700193290e+03	1.000000000000000000e+00
5.767504835589941649e+03	0.000000000000000000e+00
5.786692456479690009e+03	1.000000000000000000e+00
5.805880077369438368e+03	2.000000000000000000e+00
5.825067698259186727e+03	0.000000000000000000e+00
5.844255319148935996e+03	0.000000000000000000e+00
5.863442940038684355e+03	0.000000000000000000e+00
5.882630560928432715e+03	0.000000000000000000e+00
5.901818181818181074e+03	1.000000000000000000e+00
5.921005802707930343e+03	0.000000000000000000e+00
5.940193423597678702e+03	0.000000000000000000e+00
5.959381044487427062e+03	1.000000000000000000e+00
5.978568665377175421e+03	0.000000000000000000e+00
5.997756286266923780e+03	0.000000000000000000e+00
6.016943907156672140e+03	3.000000000000000000e+00
6.036131528046421408e+03	0.000000000000000000e+00
6.055319148936169768e+03	2.000000000000000000e+00
6.074506769825918127e+03	3.000000000000000000e+00
6.093694390715666486e+03	1.000000000000000000e+00
6.112882011605415755e+03	1.000000000000000000e+00
6.132069632495164115e+03	0.000000000000000000e+00
6.151257253384912474e+03	0.000000000000000000e+00
6.170444874274660833e+03	0.000000000000000000e+00
6.189632495164409193e+03	0.000000000000000000e+00
6.208820116054157552e+03	1.000000000000000000e+00
6.228007736943906821e+03	1.000000000000000000e+00
6.247195357833655180e+03	0.000000000000000000e+00
6.266382978723403539e+03	1.000000000000000000e+00
6.285570599613151899e+03	0.000000000000000000e+00
6.304758220502901167e+03	2.000000000000000000e+00
6.323945841392649527e+03	0.000000000000000000e+00
6.343133462282397886e+03	0.000000000000000000e+00
6.362321083172146245e+03	1.000000000000000000e+00
6.381508704061894605e+03	1.000000000000000000e+00
6.400696324951643874e+03	0.000000000000000000e+00
6.419883945841392233e+03	0.000000000000000000e+00
6.439071566731140592e+03	3.000000000000000000e+00
6.458259187620888952e+03	0.000000000000000000e+00
6.477446808510638220e+03	0.000000000000000000e+00
6.496634429400386580e+03	0.000000000000000000e+00
6.515822050290134939e+03	0.000000000000000000e+00
6.535009671179883298e+03	0.000000000000000000e+00
6.554197292069631658e+03	1.000000000000000000e+00
6.573384912959380017e+03	1.000000000000000000e+00
6.592572533849129286e+03	0.000000000000000000e+00
6.611760154738877645e+03	1.000000000000000000e+00
6.630947775628626005e+03	0.000000000000000000e+00
6.650135396518374364e+03	0.000000000000000000e+00
6.669323017408123633e+03	0.000000000000000000e+00
6.688510638297871992e+03	1.000000000000000000e+00
6.707698259187620351e+03	1.000000000000000000e+00
6.726885880077368711e+03	0.000000000000000000e+00
6.746073500967117070e+03	0.000000000000000000e+00
6.765261121856865429e+03	0.000000000000000000e+00
6.784448742746614698e+03	0.000000000000000000e+00
6.803636363636363058e+03	0.000000000000000000e+00
6.822823984526111417e+03	0.000000000000000000e+00
6.842011605415859776e+03	0.000000000000000000e+00
6.861199226305609045e+03	1.000000000000000000e+00
6.880386847195357404e+03	0.000000000000000000e+00
6.899574468085105764e+03	0.000000000000000000e+00
6.918762088974854123e+03	0.000000000000000000e+00
6.937949709864602482e+03	0.000000000000000000e+00
6.957137330754351751e+03	0.000000000000000000e+00
6.976324951644100111e+03	1.000000000000000000e+00
6.995512572533848470e+03	1.000000000000000000e+00
7.014700193423596829e+03	1.000000000000000000e+00
7.033887814313346098e+03	0.000000000000000000e+00
7.053075435203094457e+03	1.000000000000000000e+00
7.072263056092842817e+03	0.000000000000000000e+00
7.091450676982591176e+03	0.000000000000000000e+00
7.110638297872339535e+03	0.000000000000000000e+00
7.129825918762087895e+03	0.000000000000000000e+00
7.149013539651837164e+03	0.000000000000000000e+00
7.168201160541585523e+03	1.000000000000000000e+00
7.187388781431333882e+03	0.000000000000000000e+00
7.206576402321082242e+03	1.000000000000000000e+00
7.225764023210831510e+03	0.000000000000000000e+00
7.244951644100579870e+03	0.000000000000000000e+00
7.264139264990328229e+03	1.000000000000000000e+00
7.283326885880076588e+03	0.000000000000000000e+00
7.302514506769824948e+03	1.000000000000000000e+00
7.321702127659573307e+03	0.000000000000000000e+00
7.340889748549322576e+03	0.000000000000000000e+00
7.360077369439070935e+03	0.000000000000000000e+00
7.379264990328819295e+03	0.000000000000000000e+00
7.398452611218568563e+03	0.000000000000000000e+00
7.417640232108316923e+03	1.000000000000000000e+00
7.436827852998065282e+03	0.000000000000000000e+00
7.456015473887813641e+03	0.000000000000000000e+00
7.475203094777562001e+03	0.000000000000000000e+00
7.494390715667310360e+03	0.000000000000000000e+00
7.513578336557059629e+03	2.000000000000000000e+00
7.532765957446807988e+03	1.000000000000000000e+00
7.551953578336556347e+03	1.000000000000000000e+00
7.571141199226304707e+03	0.000000000000000000e+00
7.590328820116053976e+03	0.000000000000000000e+00
7.609516441005802335e+03	1.000000000000000000e+00
7.628704061895550694e+03	1.000000000000000000e+00
7.647891682785299054e+03	0.000000000000000000e+00
7.667079303675047413e+03	0.000000000000000000e+00
7.686266924564795772e+03	0.000000000000000000e+00
7.705454545454545041e+03	1.000000000000000000e+00
7.724642166344293400e+03	0.000000000000000000e+00
7.743829787234041760e+03	0.000000000000000000e+00
7.763017408123790119e+03	0.000000000000000000e+00
7.782205029013539388e+03	0.000000000000000000e+00
7.801392649903287747e+03	0.000000000000000000e+00
7.820580270793036107e+03	0.000000000000000000e+00
7.839767891682784466e+03	0.000000000000000000e+00
7.858955512572532825e+03	0.000000000000000000e+00
7.878143133462281185e+03	1.000000000000000000e+00
7.897330754352030453e+03	0.000000000000000000e+00
7.916518375241778813e+03	1.000000000000000000e+00
7.935705996131527172e+03	0.000000000000000000e+00
7.954893617021276441e+03	0.000000000000000000e+00
7.974081237911024800e+03	1.000000000000000000e+00
7.993268858800773160e+03	0.000000000000000000e+00
8.012456479690521519e+03	1.000000000000000000e+00
8.031644100580269878e+03	0.000000000000000000e+00
8.050831721470018238e+03	0.000000000000000000e+00
8.070019342359767506e+03	0.000000000000000000e+00
8.089206963249515866e+03	0.000000000000000000e+00
8.108394584139264225e+03	0.000000000000000000e+00
8.127582205029012584e+03	1.000000000000000000e+00
8.146769825918761853e+03	1.000000000000000000e+00
8.165957446808510213e+03	1.000000000000000000e+00
8.185145067698258572e+03	0.000000000000000000e+00
8.204332688588006931e+03	0.000000000000000000e+00
8.223520309477755291e+03	0.000000000000000000e+00
8.242707930367503650e+03	0.000000000000000000e+00
8.261895551257252009e+03	0.000000000000000000e+00
8.281083172147002188e+03	0.000000000000000000e+00
8.300270793036750547e+03	1.000000000000000000e+00
8.319458413926498906e+03	0.000000000000000000e+00
8.338646034816247266e+03	0.000000000000000000e+00
8.357833655705995625e+03	0.000000000000000000e+00
8.377021276595743984e+03	0.000000000000000000e+00
8.396208897485492344e+03	0.000000000000000000e+00
8.415396518375240703e+03	0.000000000000000000e+00
8.434584139264989062e+03	2.000000000000000000e+00
8.453771760154737422e+03	0.000000000000000000e+00
8.472959381044485781e+03	1.000000000000000000e+00
8.492147001934235959e+03	0.000000000000000000e+00
8.511334622823984319e+03	2.000000000000000000e+00
8.530522243713732678e+03	0.000000000000000000e+00
8.549709864603481037e+03	0.000000000000000000e+00
8.568897485493229397e+03	2.000000000000000000e+00
8.588085106382977756e+03	0.000000000000000000e+00
8.607272727272726115e+03	1.000000000000000000e+00
8.626460348162474475e+03	0.000000000000000000e+00
8.645647969052222834e+03	0.000000000000000000e+00
8.664835589941973012e+03	0.000000000000000000e+00
8.684023210831721372e+03	2.000000000000000000e+00
8.703210831721469731e+03	2.000000000000000000e+00
8.722398452611218090e+03	1.000000000000000000e+00
8.741586073500966450e+03	2.000000000000000000e+00
8.760773694390714809e+03	0.000000000000000000e+00
8.779961315280463168e+03	0.000000000000000000e+00
8.799148936170211527e+03	0.000000000000000000e+00
8.818336557059959887e+03	0.000000000000000000e+00
8.837524177949708246e+03	1.000000000000000000e+00
8.856711798839458424e+03	1.000000000000000000e+00
8.875899419729206784e+03	1.000000000000000000e+00
8.895087040618955143e+03	0.000000000000000000e+00
8.914274661508703502e+03	0.000000000000000000e+00
8.933462282398451862e+03	1.000000000000000000e+00
8.952649903288200221e+03	0.000000000000000000e+00
8.971837524177948580e+03	1.000000000000000000e+00
8.991025145067696940e+03	2.000000000000000000e+00
9.010212765957445299e+03	0.000000000000000000e+00
9.029400386847195477e+03	1.000000000000000000e+00
9.048588007736943837e+03	1.000000000000000000e+00
9.067775628626692196e+03	0.000000000000000000e+00
9.086963249516440555e+03	4.000000000000000000e+00
9.106150870406188915e+03	2.000000000000000000e+00
9.125338491295937274e+03	1.000000000000000000e+00
9.144526112185685633e+03	1.000000000000000000e+00
9.163713733075433993e+03	1.000000000000000000e+00
9.182901353965182352e+03	2.000000000000000000e+00
9.202088974854930711e+03	2.000000000000000000e+00
9.221276595744679071e+03	0.000000000000000000e+00
9.240464216634429249e+03	0.000000000000000000e+00
9.259651837524177608e+03	0.000000000000000000e+00
9.278839458413925968e+03	0.000000000000000000e+00
9.298027079303674327e+03	0.000000000000000000e+00
9.317214700193422686e+03	0.000000000000000000e+00
9.336402321083171046e+03	0.000000000000000000e+00
9.355589941972919405e+03	1.000000000000000000e+00
9.374777562862667764e+03	1.000000000000000000e+00
9.393965183752417943e+03	1.000000000000000000e+00
9.413152804642166302e+03	0.000000000000000000e+00
9.432340425531914661e+03	1.000000000000000000e+00
9.451528046421663021e+03	0.000000000000000000e+00
9.470715667311411380e+03	0.000000000000000000e+00
9.489903288201159739e+03	0.000000000000000000e+00
9.509090909090908099e+03	1.000000000000000000e+00
9.528278529980656458e+03	0.000000000000000000e+00
9.547466150870404817e+03	0.000000000000000000e+00
9.566653771760153177e+03	0.000000000000000000e+00
9.585841392649901536e+03	2.000000000000000000e+00
9.605029013539651714e+03	0.000000000000000000e+00
9.624216634429400074e+03	0.000000000000000000e+00
9.643404255319148433e+03	0.000000000000000000e+00
9.662591876208896792e+03	0.000000000000000000e+00
9.681779497098645152e+03	0.000000000000000000e+00
9.700967117988393511e+03	0.000000000000000000e+00
9.720154738878141870e+03	0.000000000000000000e+00
9.739342359767890230e+03	0.000000000000000000e+00
9.758529980657638589e+03	0.000000000000000000e+00
9.777717601547388767e+03	0.000000000000000000e+00
9.796905222437137127e+03	0.000000000000000000e+00
9.816092843326885486e+03	1.000000000000000000e+00
9.835280464216633845e+03	0.000000000000000000e+00
9.854468085106382205e+03	1.000000000000000000e+00
9.873655705996130564e+03	0.000000000000000000e+00
9.892843326885878923e+03	0.000000000000000000e+00
9.912030947775627283e+03	0.000000000000000000e+00
9.931218568665375642e+03	0.000000000000000000e+00
9.950406189555124001e+03	0.000000000000000000e+00
9.969593810444874180e+03	0.000000000000000000e+00
9.988781431334622539e+03	0.000000000000000000e+00
1.000796905222437090e+04	1.000000000000000000e+00
1.002715667311411926e+04	0.000000000000000000e+00
1.004634429400386762e+04	2.000000000000000000e+00
1.006553191489361598e+04	1.000000000000000000e+00
1.008471953578336434e+04	1.000000000000000000e+00
1.010390715667311269e+04	0.000000000000000000e+00
1.012309477756286105e+04	0.000000000000000000e+00
1.014228239845261123e+04	0.000000000000000000e+00
1.016147001934235959e+04	1.000000000000000000e+00
1.018065764023210795e+04	0.000000000000000000e+00
1.019984526112185631e+04	0.000000000000000000e+00
1.021903288201160467e+04	0.000000000000000000e+00
1.023822050290135303e+04	1.000000000000000000e+00
1.025740812379110139e+04	2.000000000000000000e+00
1.027659574468084975e+04	0.000000000000000000e+00
1.029578336557059811e+04	1.000000000000000000e+00
1.031497098646034647e+04	0.000000000000000000e+00
1.033415860735009483e+04	2.000000000000000000e+00
1.035334622823984500e+04	1.000000000000000000e+00
1.037253384912959336e+04	0.000000000000000000e+00
1.039172147001934172e+04	0.000000000000000000e+00
1.041090909090909008e+04	2.000000000000000000e+00
1.043009671179883844e+04	0.000000000000000000e+00
1.044928433268858680e+04	0.000000000000000000e+00
1.046847195357833516e+04	2.000000000000000000e+00
1.048765957446808352e+04	0.000000000000000000e+00
1.050684719535783370e+04	1.000000000000000000e+00
1.052603481624758206e+04	0.000000000000000000e+00
1.054522243713733042e+04	0.000000000000000000e+00
1.056441005802707878e+04	0.000000000000000000e+00
1.058359767891682714e+04	0.000000000000000000e+00
1.060278529980657549e+04	0.000000000000000000e+00
1.062197292069632385e+04	0.000000000000000000e+00
1.064116054158607221e+04	0.000000000000000000e+00
1.066034816247582057e+04	0.000000000000000000e+00
1.067953578336556893e+04	0.000000000000000000e+00
1.069872340425531729e+04	0.000000000000000000e+00
1.071791102514506747e+04	0.000000000000000000e+00
1.073709864603481583e+04	0.000000000000000000e+00
1.075628626692456419e+04	0.000000000000000000e+00
1.077547388781431255e+04	0.000000000000000000e+00
1.079466150870406091e+04	0.000000000000000000e+00
1.081384912959380927e+04	0.000000000000000000e+00
1.083303675048355763e+04	1.000000000000000000e+00
1.085222437137330598e+04	0.000000000000000000e+00
1.087141199226305434e+04	0.000000000000000000e+00
1.089059961315280452e+04	0.000000000000000000e+00
1.090978723404255288e+04	0.000000000000000000e+00
1.092897485493230124e+04	0.000000000000000000e+00
1.094816247582204960e+04	0.000000000000000000e+00
1.096735009671179796e+04	0.000000000000000000e+00
1.098653771760154632e+04	0.000000000000000000e+00
1.100572533849129468e+04	1.000000000000000000e+00
1.102491295938104304e+04	0.000000000000000000e+00
1.104410058027079140e+04	2.000000000000000000e+00
1.106328820116053976e+04	1.000000000000000000e+00
1.108247582205028993e+04	0.000000000000000000e+00
1.110166344294003829e+04	0.000000000000000000e+00
1.112085106382978665e+04	0.000000000000000000e+00
1.114003868471953501e+04	1.000000000000000000e+00
1.115922630560928337e+04	2.000000000000000000e+00
1.117841392649903173e+04	1.000000000000000000e+00
1.119760154738878009e+04	1.000000000000000000e+00
1.121678916827852845e+04	0.000000000000000000e+00
1.123597678916827681e+04	0.000000000000000000e+00
1.125516441005802699e+04	0.000000000000000000e+00
1.127435203094777535e+04	0.000000000000000000e+00
1.129353965183752371e+04	0.000000000000000000e+00
1.131272727272727207e+04	0.000000000000000000e+00
1.133191489361702043e+04	0.000000000000000000e+00
1.135110251450676878e+04	1.000000000000000000e+00
1.137029013539651714e+04	0.000000000000000000e+00
1.138947775628626550e+04	0.000000000000000000e+00
1.140866537717601386e+04	0.000000000000000000e+00
1.142785299806576222e+04	0.000000000000000000e+00
1.144704061895551058e+04	2.000000000000000000e+00
1.146622823984526076e+04	0.000000000000000000e+00
1.148541586073500912e+04	0.000000000000000000e+00
1.150460348162475748e+04	0.000000000000000000e+00
1.152379110251450584e+04	0.000000000000000000e+00
1.154297872340425420e+04	0.000000000000000000e+00
1.156216634429400256e+04	0.000000000000000000e+00
1.158135396518375092e+04	0.000000000000000000e+00
1.160054158607349927e+04	0.000000000000000000e+00
1.161972920696324945e+04	1.000000000000000000e+00
1.163891682785299781e+04	0.000000000000000000e+00
1.165810444874274617e+04	0.000000000000000000e+00
1.167729206963249453e+04	0.000000000000000000e+00
1.169647969052224289e+04	0.000000000000000000e+00
1.171566731141199125e+04	0.000000000000000000e+00
1.173485493230173961e+04	0.000000000000000000e+00
1.175404255319148797e+04	0.000000000000000000e+00
1.177323017408123633e+04	0.000000000000000000e+00
1.179241779497098469e+04	0.000000000000000000e+00
1.181160541586073305e+04	0.000000000000000000e+00
1.183079303675048322e+04	1.000000000000000000e+00
1.184998065764023158e+04	0.000000000000000000e+00
1.186916827852997994e+04	0.000000000000000000e+00
1.188835589941972830e+04	0.000000000000000000e+00
1.190754352030947666e+04	1.000000000000000000e+00
1.192673114119922502e+04	0.000000000000000000e+00
1.194591876208897338e+04	0.000000000000000000e+00
1.196510638297872174e+04	1.000000000000000000e+00
1.198429400386847010e+04	0.000000000000000000e+00
1.200348162475822028e+04	0.000000000000000000e+00
1.202266924564796864e+04	0.000000000000000000e+00
1.204185686653771700e+04	0.000000000000000000e+00
1.206104448742746536e+04	1.000000000000000000e+00
1.208023210831721372e+04	0.000000000000000000e+00
1.209941972920696207e+04	0.000000000000000000e+00
1.211860735009671043e+04	0.000000000000000000e+00
1.213779497098645879e+04	0.000000000000000000e+00
1.215698259187620715e+04	0.000000000000000000e+00
1.217617021276595551e+04	0.000000000000000000e+00
1.219535783365570569e+04	0.000000000000000000e+00
1.221454545454545405e+04	0.000000000000000000e+00
1.223373307543520241e+04	0.000000000000000000e+00
1.225292069632495077e+04	0.000000000000000000e+00
1.227210831721469913e+04	0.000000000000000000e+00
1.229129593810444749e+04	0.000000000000000000e+00
1.231048355899419585e+04	0.000000000000000000e+00
1.232967117988394421e+04	0.000000000000000000e+00
1.234885880077369256e+04	0.000000000000000000e+00
1.236804642166344274e+04	0.000000000000000000e+00
1.238723404255319110e+04	0.000000000000000000e+00
1.240642166344293946e+04	0.000000000000000000e+00
1.242560928433268782e+04	0.000000000000000000e+00
1.244479690522243618e+04	1.000000000000000000e+00
1.246398452611218454e+04	1.000000000000000000e+00
1.248317214700193290e+04	0.000000000000000000e+00
1.250235976789168126e+04	0.000000000000000000e+00
1.252154738878142962e+04	0.000000000000000000e+00
1.254073500967117798e+04	0.000000000000000000e+00
1.255992263056092634e+04	0.000000000000000000e+00
1.257911025145067651e+04	0.000000000000000000e+00
1.259829787234042487e+04	0.000000000000000000e+00
1.261748549323017323e+04	0.000000000000000000e+00
1.263667311411992159e+04	0.000000000000000000e+00
1.265586073500966995e+04	0.000000000000000000e+00
1.267504835589941831e+04	0.000000000000000000e+00
1.269423597678916667e+04	0.000000000000000000e+00
1.271342359767891503e+04	0.000000000000000000e+00
1.273261121856866521e+04	0.000000000000000000e+00
1.275179883945841357e+04	0.000000000000000000e+00
1.277098646034816193e+04	0.000000000000000000e+00
1.279017408123791029e+04	0.000000000000000000e+00
1.280936170212765865e+04	1.000000000000000000e+00
1.282854932301740700e+04	0.000000000000000000e+00
1.284773694390715536e+04	0.000000000000000000e+00
1.286692456479690372e+04	0.000000000000000000e+00
1.288611218568665208e+04	1.000000000000000000e+00
1.290529980657640044e+04	0.000000000000000000e+00
1.292448742746614880e+04	0.000000000000000000e+00
1.294367504835589898e+04	0.000000000000000000e+00
1.296286266924564734e+04	0.000000000000000000e+00
1.298205029013539570e+04	1.000000000000000000e+00
1.300123791102514406e+04	0.000000000000000000e+00
1.302042553191489242e+04	0.000000000000000000e+00
1.303961315280464078e+04	0.000000000000000000e+00
1.305880077369438914e+04	0.000000000000000000e+00
1.307798839458413750e+04	0.000000000000000000e+00
1.309717601547388585e+04	0.000000000000000000e+00
1.311636363636363603e+04	0.000000000000000000e+00
1.313555125725338439e+04	0.000000000000000000e+00
1.315473887814313275e+04	0.000000000000000000e+00
1.317392649903288111e+04	0.000000000000000000e+00
1.319311411992262947e+04	0.000000000000000000e+00
1.321230174081237783e+04	0.000000000000000000e+00
1.323148936170212619e+04	0.000000000000000000e+00
1.325067698259187455e+04	0.000000000000000000e+00
1.326986460348162291e+04	0.000000000000000000e+00
1.328905222437137127e+04	0.000000000000000000e+00
1.330823984526112145e+04	0.000000000000000000e+00
1.332742746615086980e+04	0.000000000000000000e+00
1.334661508704061816e+04	0.000000000000000000e+00
1.336580270793036652e+04	0.000000000000000000e+00
1.338499032882011488e+04	0.000000000000000000e+00
1.340417794970986324e+04	0.000000000000000000e+00
1.342336557059961160e+04	0.000000000000000000e+00
1.344255319148935996e+04	0.000000000000000000e+00
1.346174081237910832e+04	0.000000000000000000e+00
1.348092843326885850e+04	0.000000000000000000e+00
1.350011605415860686e+04	0.000000000000000000e+00
1.351930367504835522e+04	0.000000000000000000e+00
1.353849129593810358e+04	0.000000000000000000e+00
1.355767891682785194e+04	0.000000000000000000e+00
1.357686653771760029e+04	0.000000000000000000e+00
1.359605415860734865e+04	0.000000000000000000e+00
1.361524177949709701e+04	0.000000000000000000e+00
1.363442940038684537e+04	0.000000000000000000e+00
1.365361702127659373e+04	0.000000000000000000e+00
1.367280464216634209e+04	0.000000000000000000e+00
1.369199226305609227e+04	0.000000000000000000e+00
1.371117988394584063e+04	0.000000000000000000e+00
1.373036750483558899e+04	0.000000000000000000e+00
1.374955512572533735e+04	0.000000000000000000e+00
1.376874274661508571e+04	0.000000000000000000e+00
1.378793036750483407e+04	0.000000000000000000e+00
1.380711798839458243e+04	0.000000000000000000e+00
1.382630560928433079e+04	0.000000000000000000e+00
1.384549323017408096e+04	1.000000000000000000e+00
1.386468085106382932e+04	0.000000000000000000e+00
1.388386847195357768e+04	0.000000000000000000e+00
1.390305609284332604e+04	0.000000000000000000e+00
1.392224371373307440e+04	0.000000000000000000e+00
1.394143133462282276e+04	1.000000000000000000e+00
1.396061895551257112e+04	0.000000000000000000e+00
1.397980657640231948e+04	0.000000000000000000e+00
1.399899419729206784e+04	0.000000000000000000e+00
1.401818181818181620e+04	0.000000000000000000e+00
1.403736943907156456e+04	1.000000000000000000e+00
1.405655705996131474e+04	0.000000000000000000e+00
1.407574468085106309e+04	0.000000000000000000e+00
1.409493230174081145e+04	0.000000000000000000e+00
1.411411992263055981e+04	0.000000000000000000e+00
1.413330754352030817e+04	0.000000000000000000e+00
1.415249516441005653e+04	0.000000000000000000e+00
1.417168278529980489e+04	0.000000000000000000e+00
1.419087040618955325e+04	1.000000000000000000e+00
1.421005802707930161e+04	0.000000000000000000e+00
1.422924564796905179e+04	0.000000000000000000e+00
1.424843326885880015e+04	0.000000000000000000e+00
1.426762088974854851e+04	0.000000000000000000e+00
1.428680851063829687e+04	0.000000000000000000e+00
1.430599613152804523e+04	0.000000000000000000e+00
1.432518375241779358e+04	0.000000000000000000e+00
1.434437137330754194e+04	0.000000000000000000e+00
1.436355899419729030e+04	0.000000000000000000e+00
1.438274661508703866e+04	0.000000000000000000e+00
1.440193423597678702e+04	0.000000000000000000e+00
1.442112185686653720e+04	0.000000000000000000e+00
1.444030947775628556e+04	0.000000000000000000e+00
1.445949709864603392e+04	0.000000000000000000e+00
1.447868471953578228e+04	0.000000000000000000e+00
1.449787234042553064e+04	0.000000000000000000e+00
1.451705996131527900e+04	0.000000000000000000e+00
1.453624758220502736e+04	0.000000000000000000e+00
1.455543520309477572e+04	0.000000000000000000e+00
1.457462282398452408e+04	0.000000000000000000e+00
1.459381044487427425e+04	0.000000000000000000e+00
1.461299806576402261e+04	0.000000000000000000e+00
1.463218568665377097e+04	1.000000000000000000e+00
1.465137330754351933e+04	0.000000000000000000e+00
1.467056092843326769e+04	0.000000000000000000e+00
1.468974854932301605e+04	0.000000000000000000e+00
1.470893617021276441e+04	0.000000000000000000e+00
1.472812379110251277e+04	0.000000000000000000e+00
1.474731141199226113e+04	0.000000000000000000e+00
1.476649903288200949e+04	1.000000000000000000e+00
1.478568665377175967e+04	0.000000000000000000e+00
1.480487427466150803e+04	0.000000000000000000e+00
1.482406189555125638e+04	0.000000000000000000e+00
1.484324951644100474e+04	1.000000000000000000e+00
1.486243713733075310e+04	0.000000000000000000e+00
1.488162475822050146e+04	0.000000000000000000e+00
1.490081237911024982e+04	0.000000000000000000e+00
1.491999999999999818e+04	0.000000000000000000e+00
1.493918762088974654e+04	0.000000000000000000e+00
1.495837524177949672e+04	0.000000000000000000e+00
1.497756286266924508e+04	0.000000000000000000e+00
1.499675048355899344e+04	1.000000000000000000e+00
1.501593810444874180e+04	0.000000000000000000e+00
1.503512572533849016e+04	0.000000000000000000e+00
1.505431334622823852e+04	0.000000000000000000e+00
1.507350096711798687e+04	1.000000000000000000e+00
1.509268858800773523e+04	0.000000000000000000e+00
1.511187620889748359e+04	0.000000000000000000e+00
1.513106382978723195e+04	0.000000000000000000e+00
1.515025145067698031e+04	0.000000000000000000e+00
1.516943907156673049e+04	0.000000000000000000e+00
1.518862669245647885e+04	0.000000000000000000e+00
1.520781431334622721e+04	0.000000000000000000e+00
1.522700193423597557e+04	0.000000000000000000e+00
1.524618955512572393e+04	0.000000000000000000e+00
1.526537717601547229e+04	0.000000000000000000e+00
1.528456479690522065e+04	0.000000000000000000e+00
1.530375241779496901e+04	0.000000000000000000e+00
1.532294003868471918e+04	0.000000000000000000e+00
1.534212765957446754e+04	0.000000000000000000e+00
1.536131528046421590e+04	0.000000000000000000e+00
1.538050290135396426e+04	0.000000000000000000e+00
1.539969052224371262e+04	0.000000000000000000e+00
1.541887814313346098e+04	0.000000000000000000e+00
1.543806576402320934e+04	0.000000000000000000e+00
1.545725338491295770e+04	0.000000000000000000e+00
1.547644100580270606e+04	0.000000000000000000e+00
1.549562862669245442e+04	0.000000000000000000e+00
1.551481624758220278e+04	0.000000000000000000e+00
1.553400386847195296e+04	0.000000000000000000e+00
1.555319148936170131e+04	0.000000000000000000e+00
1.557237911025144967e+04	0.000000000000000000e+00
1.559156673114119803e+04	0.000000000000000000e+00
1.561075435203094639e+04	0.000000000000000000e+00
1.562994197292069475e+04	0.000000000000000000e+00
1.564912959381044311e+04	0.000000000000000000e+00
1.566831721470019147e+04	0.000000000000000000e+00
1.568750483558993983e+04	0.000000000000000000e+00
1.570669245647969001e+04	0.000000000000000000e+00
1.572588007736943837e+04	0.000000000000000000e+00
1.574506769825918673e+04	0.000000000000000000e+00
1.576425531914893509e+04	0.000000000000000000e+00
1.578344294003868345e+04	0.000000000000000000e+00
1.580263056092843181e+04	0.000000000000000000e+00
1.582181818181818016e+04	0.000000000000000000e+00
1.584100580270792852e+04	0.000000000000000000e+00
1.586019342359767688e+04	0.000000000000000000e+00
1.587938104448742524e+04	0.000000000000000000e+00
1.589856866537717542e+04	0.000000000000000000e+00
1.591775628626692378e+04	0.000000000000000000e+00
1.593694390715667214e+04	0.000000000000000000e+00
1.595613152804642050e+04	1.000000000000000000e+00
1.597531914893616886e+04	0.000000000000000000e+00
1.599450676982591722e+04	0.000000000000000000e+00
1.601369439071566558e+04	0.000000000000000000e+00
1.603288201160541394e+04	0.000000000000000000e+00
1.605206963249516230e+04	0.000000000000000000e+00
1.607125725338491247e+04	0.000000000000000000e+00
1.609044487427466083e+04	0.000000000000000000e+00
1.610963249516440919e+04	0.000000000000000000e+00
1.612882011605415755e+04	0.000000000000000000e+00
1.614800773694390591e+04	0.000000000000000000e+00
1.616719535783365427e+04	0.000000000000000000e+00
1.618638297872340263e+04	0.000000000000000000e+00
1.620557059961315099e+04	0.000000000000000000e+00
1.622475822050289935e+04	0.000000000000000000e+00
1.624394584139264771e+04	0.000000000000000000e+00
1.626313346228239607e+04	0.000000000000000000e+00
1.628232108317214625e+04	0.000000000000000000e+00
1.630150870406189460e+04	0.000000000000000000e+00
1.632069632495164296e+04	0.000000000000000000e+00
1.633988394584139132e+04	1.000000000000000000e+00
1.635907156673113968e+04	1.000000000000000000e+00
1.637825918762088804e+04	0.000000000000000000e+00
1.639744680851063458e+04	0.000000000000000000e+00
1.641663442940038658e+04	0.000000000000000000e+00
1.643582205029013130e+04	0.000000000000000000e+00
1.645500967117988330e+04	0.000000000000000000e+00
1.647419729206962802e+04	0.000000000000000000e+00
1.649338491295938002e+04	0.000000000000000000e+00
1.651257253384912474e+04	0.000000000000000000e+00
1.653176015473887674e+04	0.000000000000000000e+00
1.655094777562862873e+04	0.000000000000000000e+00
1.657013539651837345e+04	0.000000000000000000e+00
1.658932301740812545e+04	1.000000000000000000e+00
1.660851063829787017e+04	0.000000000000000000e+00
1.662769825918762217e+04	0.000000000000000000e+00
1.664688588007736689e+04	0.000000000000000000e+00
1.666607350096711889e+04	0.000000000000000000e+00
1.668526112185686361e+04	0.000000000000000000e+00
1.670444874274661561e+04	0.000000000000000000e+00
1.672363636363636033e+04	0.000000000000000000e+00
1.674282398452611233e+04	1.000000000000000000e+00
1.676201160541585705e+04	0.000000000000000000e+00
1.678119922630560905e+04	0.000000000000000000e+00
1.680038684719535377e+04	0.000000000000000000e+00
1.681957446808510576e+04	0.000000000000000000e+00
1.683876208897485049e+04	0.000000000000000000e+00
1.685794970986460248e+04	0.000000000000000000e+00
1.687713733075434720e+04	0.000000000000000000e+00
1.689632495164409920e+04	0.000000000000000000e+00
1.691551257253384756e+04	0.000000000000000000e+00
1.693470019342359592e+04	0.000000000000000000e+00
1.695388781431334792e+04	0.000000000000000000e+00
1.697307543520309264e+04	0.000000000000000000e+00
1.699226305609284464e+04	0.000000000000000000e+00
1.701145067698258936e+04	0.000000000000000000e+00
1.703063829787234135e+04	1.000000000000000000e+00
1.704982591876208608e+04	0.000000000000000000e+00
1.706901353965183807e+04	0.000000000000000000e+00
1.708820116054158279e+04	0.000000000000000000e+00
1.710738878143133479e+04	0.000000000000000000e+00
1.712657640232107951e+04	0.000000000000000000e+00
1.714576402321083151e+04	0.000000000000000000e+00
1.716495164410057623e+04	0.000000000000000000e+00
1.718413926499032823e+04	0.000000000000000000e+00
1.720332688588007295e+04	0.000000000000000000e+00
1.722251450676982495e+04	0.000000000000000000e+00
1.724170212765956967e+04	0.000000000000000000e+00
1.726088974854932167e+04	0.000000000000000000e+00
1.728007736943907003e+04	0.000000000000000000e+00
1.729926499032881839e+04	0.000000000000000000e+00
1.731845261121857038e+04	1.000000000000000000e+00
1.733764023210831510e+04	0.000000000000000000e+00
1.735682785299806710e+04	0.000000000000000000e+00
1.737601547388781182e+04	1.000000000000000000e+00
1.739520309477756382e+04	0.000000000000000000e+00
1.741439071566730854e+04	0.000000000000000000e+00
1.743357833655706054e+04	0.000000000000000000e+00
1.745276595744680526e+04	1.000000000000000000e+00
1.747195357833655726e+04	0.000000000000000000e+00
1.749114119922630198e+04	0.000000000000000000e+00
1.751032882011605398e+04	0.000000000000000000e+00
1.752951644100579870e+04	0.000000000000000000e+00
1.754870406189555069e+04	1.000000000000000000e+00
1.756789168278529542e+04	0.000000000000000000e+00
1.758707930367504741e+04	0.000000000000000000e+00
1.760626692456479213e+04	0.000000000000000000e+00
1.762545454545454413e+04	0.000000000000000000e+00
1.764464216634429249e+04	0.000000000000000000e+00
1.766382978723404085e+04	0.000000000000000000e+00
1.768301740812379285e+04	0.000000000000000000e+00
1.770220502901353757e+04	0.000000000000000000e+00
1.772139264990328957e+04	0.000000000000000000e+00
1.774058027079303429e+04	0.000000000000000000e+00
1.775976789168278628e+04	0.000000000000000000e+00
1.777895551257253101e+04	0.000000000000000000e+00
1.779814313346228300e+04	0.000000000000000000e+00
1.781733075435202772e+04	0.000000000000000000e+00
1.783651837524177972e+04	0.000000000000000000e+00
1.785570599613152444e+04	0.000000000000000000e+00
1.787489361702127644e+04	0.000000000000000000e+00
1.789408123791102116e+04	0.000000000000000000e+00
1.791326885880077316e+04	0.000000000000000000e+00
1.793245647969051788e+04	0.000000000000000000e+00
1.795164410058026988e+04	0.000000000000000000e+00
1.797083172147001460e+04	0.000000000000000000e+00
1.799001934235976660e+04	0.000000000000000000e+00
1.800920696324951132e+04	0.000000000000000000e+00
1.802839458413926332e+04	0.000000000000000000e+00
1.804758220502901531e+04	0.000000000000000000e+00
1.806676982591876003e+04	0.000000000000000000e+00
1.808595744680851203e+04	0.000000000000000000e+00
1.810514506769825675e+04	0.000000000000000000e+00
1.812433268858800875e+04	0.000000000000000000e+00
1.814352030947775347e+04	0.000000000000000000e+00
1.816270793036750547e+04	0.000000000000000000e+00
1.818189555125725019e+04	0.000000000000000000e+00
1.820108317214700219e+04	0.000000000000000000e+00
1.822027079303674691e+04	0.000000000000000000e+00
1.823945841392649891e+04	1.000000000000000000e+00
1.825864603481624363e+04	0.000000000000000000e+00
1.827783365570599562e+04	1.000000000000000000e+00
1.829702127659574035e+04	0.000000000000000000e+00
1.831620889748549234e+04	0.000000000000000000e+00
1.833539651837523706e+04	0.000000000000000000e+00
1.835458413926498906e+04	1.000000000000000000e+00
1.837377176015473378e+04	1.000000000000000000e+00
1.839295938104448578e+04	0.000000000000000000e+00
1.841214700193423778e+04	0.000000000000000000e+00
1.843133462282398250e+04	0.000000000000000000e+00
1.845052224371373450e+04	0.000000000000000000e+00
1.846970986460347922e+04	0.000000000000000000e+00
1.848889748549323122e+04	0.000000000000000000e+00
1.850808510638297594e+04	0.000000000000000000e+00
1.852727272727272793e+04	0.000000000000000000e+00
1.854646034816247266e+04	0.000000000000000000e+00
1.856564796905222465e+04	0.000000000000000000e+00
1.858483558994196937e+04	0.000000000000000000e+00
1.860402321083172137e+04	0.000000000000000000e+00
1.862321083172146609e+04	0.000000000000000000e+00
1.864239845261121809e+04	0.000000000000000000e+00
1.866158607350096281e+04	0.000000000000000000e+00
1.868077369439071481e+04	0.000000000000000000e+00
1.869996131528045953e+04	0.000000000000000000e+00
1.871914893617021153e+04	0.000000000000000000e+00
1.873833655705995625e+04	0.000000000000000000e+00
1.875752417794970825e+04	0.000000000000000000e+00
1.877671179883946024e+04	1.000000000000000000e+00
1.879589941972920496e+04	0.000000000000000000e+00
1.881508704061895696e+04	0.000000000000000000e+00
1.883427466150870168e+04	0.000000000000000000e+00
1.885346228239845368e+04	1.000000000000000000e+00
1.887264990328819840e+04	0.000000000000000000e+00
1.889183752417795040e+04	0.000000000000000000e+00
1.891102514506769512e+04	0.000000000000000000e+00
1.893021276595744712e+04	0.000000000000000000e+00
1.894940038684719184e+04	0.000000000000000000e+00
1.896858800773694384e+04	0.000000000000000000e+00
1.898777562862668856e+04	0.000000000000000000e+00
1.900696324951644056e+04	0.000000000000000000e+00
1.902615087040618528e+04	0.000000000000000000e+00
1.904533849129593727e+04	0.000000000000000000e+00
1.906452611218568200e+04	0.000000000000000000e+00
1.908371373307543399e+04	1.000000000000000000e+00
1.910290135396517871e+04	0.000000000000000000e+00
1.912208897485493071e+04	0.000000000000000000e+00
1.914127659574467907e+04	0.000000000000000000e+00
1.916046421663442743e+04	0.000000000000000000e+00
1.917965183752417943e+04	0.000000000000000000e+00
1.919883945841392415e+04	0.000000000000000000e+00
1.921802707930367615e+04	0.000000000000000000e+00
1.923721470019342087e+04	0.000000000000000000e+00
1.925640232108317286e+04	0.000000000000000000e+00
1.927558994197291759e+04	0.000000000000000000e+00
1.929477756286266958e+04	0.000000000000000000e+00
1.931396518375241430e+04	0.000000000000000000e+00
1.933315280464216630e+04	0.000000000000000000e+00
1.935234042553191102e+04	0.000000000000000000e+00
1.937152804642166302e+04	1.000000000000000000e+00
1.939071566731140774e+04	0.000000000000000000e+00
1.940990328820115974e+04	0.000000000000000000e+00
1.942909090909090446e+04	0.000000000000000000e+00
1.944827852998065646e+04	0.000000000000000000e+00
1.946746615087040118e+04	0.000000000000000000e+00
1.948665377176015318e+04	0.000000000000000000e+00
1.950584139264990154e+04	1.000000000000000000e+00
1.952502901353964990e+04	0.000000000000000000e+00
1.954421663442940189e+04	0.000000000000000000e+00
1.956340425531914661e+04	0.000000000000000000e+00
1.958259187620889861e+04	0.000000000000000000e+00
1.960177949709864333e+04	0.000000000000000000e+00
1.962096711798839533e+04	0.000000000000000000e+00
1.964015473887814005e+04	0.000000000000000000e+00
1.965934235976789205e+04	0.000000000000000000e+00
1.967852998065763677e+04	0.000000000000000000e+00
1.969771760154738877e+04	0.000000000000000000e+00
1.971690522243713349e+04	0.000000000000000000e+00
1.973609284332688549e+04	0.000000000000000000e+00
1.975528046421663021e+04	0.000000000000000000e+00
1.977446808510638220e+04	0.000000000000000000e+00
1.979365570599612693e+04	0.000000000000000000e+00
1.981284332688587892e+04	0.000000000000000000e+00
1.983203094777562364e+04	0.000000000000000000e+00
1.985121856866537564e+04	0.000000000000000000e+00
1.987040618955512400e+04	1.000000000000000000e+00
