# Time	Count
4.532154340836012807e+01	1.800000000000000000e+01
5.596463022508038421e+01	1.500000000000000000e+01
6.660771704180064035e+01	0.000000000000000000e+00
7.725080385852089648e+01	2.500000000000000000e+01
8.789389067524115262e+01	0.000000000000000000e+00
9.853697749196140876e+01	1.600000000000000000e+01
1.091800643086816791e+02	0.000000000000000000e+00
1.198231511254019352e+02	1.200000000000000000e+01
1.304662379421221772e+02	0.000000000000000000e+00
1.411093247588424333e+02	2.100000000000000000e+01
1.517524115755626894e+02	0.000000000000000000e+00
1.623954983922829456e+02	1.200000000000000000e+01
1.730385852090032301e+02	0.000000000000000000e+00
1.836816720257234863e+02	1.800000000000000000e+01
1.943247588424437424e+02	0.000000000000000000e+00
2.049678456591639986e+02	9.000000000000000000e+00
2.156109324758842547e+02	2.600000000000000000e+01
2.262540192926045108e+02	0.000000000000000000e+00
2.368971061093247670e+02	2.100000000000000000e+01
2.475401929260450231e+02	0.000000000000000000e+00
2.581832797427652508e+02	1.500000000000000000e+01
2.688263665594855070e+02	0.000000000000000000e+00
2.794694533762057631e+02	1.600000000000000000e+01
2.901125401929260761e+02	0.000000000000000000e+00
3.007556270096463322e+02	2.100000000000000000e+01
3.113987138263665884e+02	0.000000000000000000e+00
3.220418006430868445e+02	1.800000000000000000e+01
3.326848874598071006e+02	0.000000000000000000e+00
3.433279742765273568e+02	9.000000000000000000e+00
3.539710610932476129e+02	0.000000000000000000e+00
3.646141479099678691e+02	2.000000000000000000e+01
3.752572347266881252e+02	1.700000000000000000e+01
3.859003215434083813e+02	0.000000000000000000e+00
3.965434083601286375e+02	1.400000000000000000e+01
4.071864951768488936e+02	0.000000000000000000e+00
4.178295819935691497e+02	7.000000000000000000e+00
4.284726688102894059e+02	0.000000000000000000e+00
4.391157556270096620e+02	9.000000000000000000e+00
4.497588424437299182e+02	0.000000000000000000e+00
4.604019292604501743e+02	1.100000000000000000e+01
4.710450160771704304e+02	0.000000000000000000e+00
4.816881028938906866e+02	1.400000000000000000e+01
4.923311897106109427e+02	0.000000000000000000e+00
5.029742765273311988e+02	1.300000000000000000e+01
5.136173633440514550e+02	0.000000000000000000e+00
5.242604501607717111e+02	1.600000000000000000e+01
5.349035369774919673e+02	1.500000000000000000e+01
5.455466237942123371e+02	0.000000000000000000e+00
5.561897106109324795e+02	1.000000000000000000e+01
5.668327974276528494e+02	0.000000000000000000e+00
5.774758842443729918e+02	1.500000000000000000e+01
5.881189710610933616e+02	0.000000000000000000e+00
5.987620578778135041e+02	1.200000000000000000e+01
6.094051446945338739e+02	0.000000000000000000e+00
6.200482315112540164e+02	1.100000000000000000e+01
6.306913183279743862e+02	0.000000000000000000e+00
6.413344051446945286e+02	1.200000000000000000e+01
6.519774919614148985e+02	0.000000000000000000e+00
6.626205787781350409e+02	9.000000000000000000e+00
6.732636655948554107e+02	0.000000000000000000e+00
6.839067524115755532e+02	1.400000000000000000e+01
6.945498392282959230e+02	0.000000000000000000e+00
7.051929260450160655e+02	1.000000000000000000e+01
7.158360128617364353e+02	6.000000000000000000e+00
7.264790996784565777e+02	0.000000000000000000e+00
7.371221864951769476e+02	9.000000000000000000e+00
7.477652733118970900e+02	0.000000000000000000e+00
7.584083601286174598e+02	9.000000000000000000e+00
7.690514469453376023e+02	0.000000000000000000e+00
7.796945337620579721e+02	6.000000000000000000e+00
7.903376205787781146e+02	0.000000000000000000e+00
8.009807073954984844e+02	7.000000000000000000e+00
8.116237942122186269e+02	0.000000000000000000e+00
8.222668810289389967e+02	1.800000000000000000e+01
8.329099678456591391e+02	0.000000000000000000e+00
8.435530546623795090e+02	1.100000000000000000e+01
8.541961414790996514e+02	0.000000000000000000e+00
8.648392282958200212e+02	1.000000000000000000e+01
8.754823151125401637e+02	1.400000000000000000e+01
8.861254019292605335e+02	0.000000000000000000e+00
8.967684887459806760e+02	1.000000000000000000e+01
9.074115755627010458e+02	0.000000000000000000e+00
9.180546623794211882e+02	1.000000000000000000e+01
9.286977491961415581e+02	0.000000000000000000e+00
9.393408360128617005e+02	1.200000000000000000e+01
9.499839228295820703e+02	0.000000000000000000e+00
9.606270096463022128e+02	1.100000000000000000e+01
9.712700964630225826e+02	0.000000000000000000e+00
9.819131832797427251e+02	1.100000000000000000e+01
9.925562700964630949e+02	0.000000000000000000e+00
1.003199356913183237e+03	1.100000000000000000e+01
1.013842443729903607e+03	0.000000000000000000e+00
1.024485530546623750e+03	5.000000000000000000e+00
1.035128617363344119e+03	1.300000000000000000e+01
1.045771704180064262e+03	0.000000000000000000e+00
1.056414790996784632e+03	9.000000000000000000e+00
1.067057877813505002e+03	0.000000000000000000e+00
1.077700964630225144e+03	9.000000000000000000e+00
1.088344051446945286e+03	0.000000000000000000e+00
1.098987138263665656e+03	1.400000000000000000e+01
1.109630225080386026e+03	0.000000000000000000e+00
1.120273311897106169e+03	1.000000000000000000e+01
1.130916398713826311e+03	0.000000000000000000e+00
1.141559485530546681e+03	9.000000000000000000e+00
1.152202572347267051e+03	0.000000000000000000e+00
1.162845659163987193e+03	9.000000000000000000e+00
1.173488745980707336e+03	0.000000000000000000e+00
1.184131832797427705e+03	8.000000000000000000e+00
1.194774919614148075e+03	1.100000000000000000e+01
1.205418006430868218e+03	0.000000000000000000e+00
1.216061093247588360e+03	1.400000000000000000e+01
1.226704180064308730e+03	0.000000000000000000e+00
1.237347266881029100e+03	8.000000000000000000e+00
1.247990353697749242e+03	0.000000000000000000e+00
1.258633440514469385e+03	1.500000000000000000e+01
1.269276527331189754e+03	0.000000000000000000e+00
1.279919614147910124e+03	1.400000000000000000e+01
1.290562700964630267e+03	0.000000000000000000e+00
1.301205787781350409e+03	1.700000000000000000e+01
1.311848874598070779e+03	0.000000000000000000e+00
1.322491961414791149e+03	1.000000000000000000e+01
1.333135048231511291e+03	0.000000000000000000e+00
1.343778135048231434e+03	5.000000000000000000e+00
1.354421221864951804e+03	0.000000000000000000e+00
1.365064308681672173e+03	9.000000000000000000e+00
1.375707395498392316e+03	1.000000000000000000e+01
1.386350482315112458e+03	0.000000000000000000e+00
1.396993569131832828e+03	8.000000000000000000e+00
1.407636655948553198e+03	0.000000000000000000e+00
1.418279742765273568e+03	8.000000000000000000e+00
1.428922829581993710e+03	0.000000000000000000e+00
1.439565916398713853e+03	8.000000000000000000e+00
1.450209003215434223e+03	0.000000000000000000e+00
1.460852090032154592e+03	1.700000000000000000e+01
1.471495176848874735e+03	0.000000000000000000e+00
1.482138263665594877e+03	1.100000000000000000e+01
1.492781350482315247e+03	0.000000000000000000e+00
1.503424437299035617e+03	1.000000000000000000e+01
1.514067524115755759e+03	0.000000000000000000e+00
1.524710610932475902e+03	1.300000000000000000e+01
1.535353697749196272e+03	8.000000000000000000e+00
1.545996784565916641e+03	0.000000000000000000e+00
1.556639871382636784e+03	7.000000000000000000e+00
1.567282958199356926e+03	0.000000000000000000e+00
1.577926045016077296e+03	9.000000000000000000e+00
1.588569131832797666e+03	0.000000000000000000e+00
1.599212218649517808e+03	4.000000000000000000e+00
1.609855305466237951e+03	0.000000000000000000e+00
1.620498392282958321e+03	8.000000000000000000e+00
1.631141479099678691e+03	0.000000000000000000e+00
1.641784565916398833e+03	4.000000000000000000e+00
1.652427652733118975e+03	0.000000000000000000e+00
1.663070739549839345e+03	5.000000000000000000e+00
1.673713826366559715e+03	0.000000000000000000e+00
1.684356913183279858e+03	8.000000000000000000e+00
1.695000000000000000e+03	5.000000000000000000e+00
1.705643086816720370e+03	0.000000000000000000e+00
1.716286173633440740e+03	4.000000000000000000e+00
1.726929260450160882e+03	0.000000000000000000e+00
1.737572347266881025e+03	1.300000000000000000e+01
1.748215434083601394e+03	0.000000000000000000e+00
1.758858520900321764e+03	7.000000000000000000e+00
1.769501607717041907e+03	0.000000000000000000e+00
1.780144694533762049e+03	7.000000000000000000e+00
1.790787781350482419e+03	0.000000000000000000e+00
1.801430868167202789e+03	6.000000000000000000e+00
1.812073954983922931e+03	0.000000000000000000e+00
1.822717041800643074e+03	1.100000000000000000e+01
1.833360128617363443e+03	0.000000000000000000e+00
1.844003215434083813e+03	3.000000000000000000e+00
1.854646302250803956e+03	0.000000000000000000e+00
1.865289389067524098e+03	7.000000000000000000e+00
1.875932475884244468e+03	7.000000000000000000e+00
1.886575562700964838e+03	0.000000000000000000e+00
1.897218649517684980e+03	3.000000000000000000e+00
1.907861736334405123e+03	0.000000000000000000e+00
1.918504823151125493e+03	6.000000000000000000e+00
1.929147909967845862e+03	0.000000000000000000e+00
1.939790996784566005e+03	1.100000000000000000e+01
1.950434083601286147e+03	0.000000000000000000e+00
1.961077170418006517e+03	8.000000000000000000e+00
1.971720257234726887e+03	0.000000000000000000e+00
1.982363344051447029e+03	5.000000000000000000e+00
1.993006430868167172e+03	0.000000000000000000e+00
2.003649517684887542e+03	6.000000000000000000e+00
2.014292604501607912e+03	0.000000000000000000e+00
2.024935691318328054e+03	5.000000000000000000e+00
2.035578778135048196e+03	6.000000000000000000e+00
2.046221864951768566e+03	0.000000000000000000e+00
2.056864951768488936e+03	2.000000000000000000e+00
2.067508038585208851e+03	0.000000000000000000e+00
2.078151125401929676e+03	4.000000000000000000e+00
2.088794212218649591e+03	0.000000000000000000e+00
2.099437299035369961e+03	4.000000000000000000e+00
2.110080385852090330e+03	0.000000000000000000e+00
2.120723472668810246e+03	8.000000000000000000e+00
2.131366559485531070e+03	0.000000000000000000e+00
2.142009646302250985e+03	5.000000000000000000e+00
2.152652733118970900e+03	0.000000000000000000e+00
2.163295819935691725e+03	2.000000000000000000e+00
2.173938906752411640e+03	0.000000000000000000e+00
2.184581993569132010e+03	7.000000000000000000e+00
2.195225080385852380e+03	4.000000000000000000e+00
2.205868167202572295e+03	0.000000000000000000e+00
2.216511254019293119e+03	7.000000000000000000e+00
2.227154340836013034e+03	0.000000000000000000e+00
2.237797427652732949e+03	2.000000000000000000e+00
2.248440514469453774e+03	0.000000000000000000e+00
2.259083601286173689e+03	1.000000000000000000e+00
2.269726688102894059e+03	0.000000000000000000e+00
2.280369774919614429e+03	3.000000000000000000e+00
2.291012861736334344e+03	0.000000000000000000e+00
2.301655948553055168e+03	6.000000000000000000e+00
2.312299035369775083e+03	0.000000000000000000e+00
2.322942122186494998e+03	1.100000000000000000e+01
2.333585209003215823e+03	0.000000000000000000e+00
2.344228295819935738e+03	3.000000000000000000e+00
2.354871382636656108e+03	7.000000000000000000e+00
2.365514469453376478e+03	0.000000000000000000e+00
2.376157556270096393e+03	5.000000000000000000e+00
2.386800643086817217e+03	0.000000000000000000e+00
2.397443729903537132e+03	5.000000000000000000e+00
2.408086816720257048e+03	0.000000000000000000e+00
2.418729903536977872e+03	6.000000000000000000e+00
2.429372990353697787e+03	0.000000000000000000e+00
2.440016077170418157e+03	6.000000000000000000e+00
2.450659163987138527e+03	0.000000000000000000e+00
2.461302250803858442e+03	5.000000000000000000e+00
2.471945337620579267e+03	0.000000000000000000e+00
2.482588424437299182e+03	3.000000000000000000e+00
2.493231511254019097e+03	0.000000000000000000e+00
2.503874598070739921e+03	4.000000000000000000e+00
2.514517684887459836e+03	0.000000000000000000e+00
2.525160771704180206e+03	4.000000000000000000e+00
2.535803858520900576e+03	6.000000000000000000e+00
2.546446945337620491e+03	0.000000000000000000e+00
2.557090032154341316e+03	6.000000000000000000e+00
2.567733118971061231e+03	0.000000000000000000e+00
2.578376205787781146e+03	3.000000000000000000e+00
2.589019292604501970e+03	0.000000000000000000e+00
2.599662379421221885e+03	2.000000000000000000e+00
2.610305466237942255e+03	0.000000000000000000e+00
2.620948553054662625e+03	3.000000000000000000e+00
2.631591639871382540e+03	0.000000000000000000e+00
2.642234726688103365e+03	4.000000000000000000e+00
2.652877813504823280e+03	0.000000000000000000e+00
2.663520900321543195e+03	5.000000000000000000e+00
2.674163987138264019e+03	0.000000000000000000e+00
2.684807073954983935e+03	6.000000000000000000e+00
2.695450160771704304e+03	4.000000000000000000e+00
2.706093247588424674e+03	0.000000000000000000e+00
2.716736334405144589e+03	1.000000000000000000e+00
2.727379421221865414e+03	0.000000000000000000e+00
2.738022508038585329e+03	3.000000000000000000e+00
2.748665594855305244e+03	0.000000000000000000e+00
2.759308681672026069e+03	2.000000000000000000e+00
2.769951768488745984e+03	0.000000000000000000e+00
2.780594855305466808e+03	4.000000000000000000e+00
2.791237942122186723e+03	0.000000000000000000e+00
2.801881028938906638e+03	2.000000000000000000e+00
2.812524115755627463e+03	0.000000000000000000e+00
2.823167202572347378e+03	6.000000000000000000e+00
2.833810289389067748e+03	0.000000000000000000e+00
2.844453376205788118e+03	6.000000000000000000e+00
2.855096463022508033e+03	5.000000000000000000e+00
2.865739549839228857e+03	0.000000000000000000e+00
2.876382636655948772e+03	3.000000000000000000e+00
2.887025723472668687e+03	0.000000000000000000e+00
2.897668810289389512e+03	5.000000000000000000e+00
2.908311897106109427e+03	0.000000000000000000e+00
2.918954983922829797e+03	9.000000000000000000e+00
2.929598070739550167e+03	0.000000000000000000e+00
2.940241157556270082e+03	8.000000000000000000e+00
2.950884244372990906e+03	0.000000000000000000e+00
2.961527331189710821e+03	8.000000000000000000e+00
2.972170418006430737e+03	0.000000000000000000e+00
2.982813504823151561e+03	2.000000000000000000e+00
2.993456591639871476e+03	0.000000000000000000e+00
3.004099678456591846e+03	3.000000000000000000e+00
3.014742765273312216e+03	3.000000000000000000e+00
3.025385852090032131e+03	0.000000000000000000e+00
3.036028938906752956e+03	5.000000000000000000e+00
3.046672025723472871e+03	0.000000000000000000e+00
3.057315112540192786e+03	4.000000000000000000e+00
3.067958199356913610e+03	0.000000000000000000e+00
3.078601286173633525e+03	5.000000000000000000e+00
3.089244372990353895e+03	0.000000000000000000e+00
3.099887459807074265e+03	5.000000000000000000e+00
3.110530546623794180e+03	0.000000000000000000e+00
3.121173633440515005e+03	5.000000000000000000e+00
3.131816720257234920e+03	0.000000000000000000e+00
3.142459807073954835e+03	5.000000000000000000e+00
3.153102893890675659e+03	0.000000000000000000e+00
3.163745980707395574e+03	2.000000000000000000e+00
3.174389067524115944e+03	0.000000000000000000e+00
3.185032154340836314e+03	2.000000000000000000e+00
3.195675241157556229e+03	6.000000000000000000e+00
3.206318327974277054e+03	0.000000000000000000e+00
3.216961414790996969e+03	3.000000000000000000e+00
3.227604501607716884e+03	0.000000000000000000e+00
3.238247588424437708e+03	7.000000000000000000e+00
3.248890675241157624e+03	0.000000000000000000e+00
3.259533762057877993e+03	4.000000000000000000e+00
3.270176848874598363e+03	0.000000000000000000e+00
3.280819935691318278e+03	5.000000000000000000e+00
3.291463022508039103e+03	0.000000000000000000e+00
3.302106109324759018e+03	2.000000000000000000e+00
3.312749196141478933e+03	0.000000000000000000e+00
3.323392282958199758e+03	6.000000000000000000e+00
3.334035369774919673e+03	0.000000000000000000e+00
3.344678456591640042e+03	5.000000000000000000e+00
3.355321543408360412e+03	5.000000000000000000e+00
3.365964630225080327e+03	0.000000000000000000e+00
3.376607717041801152e+03	2.000000000000000000e+00
3.387250803858521067e+03	0.000000000000000000e+00
3.397893890675240982e+03	5.000000000000000000e+00
3.408536977491961807e+03	0.000000000000000000e+00
3.419180064308681722e+03	5.000000000000000000e+00
3.429823151125402092e+03	0.000000000000000000e+00
3.440466237942122461e+03	3.000000000000000000e+00
3.451109324758842376e+03	0.000000000000000000e+00
3.461752411575563201e+03	5.000000000000000000e+00
3.472395498392283116e+03	0.000000000000000000e+00
3.483038585209003486e+03	1.000000000000000000e+00
3.493681672025723856e+03	0.000000000000000000e+00
3.504324758842443771e+03	1.000000000000000000e+00
3.514967845659164595e+03	3.000000000000000000e+00
3.525610932475884510e+03	0.000000000000000000e+00
3.536254019292604426e+03	3.000000000000000000e+00
3.546897106109325250e+03	0.000000000000000000e+00
3.557540192926045165e+03	3.000000000000000000e+00
3.568183279742765535e+03	0.000000000000000000e+00
3.578826366559485905e+03	5.000000000000000000e+00
3.589469453376205820e+03	0.000000000000000000e+00
3.600112540192926645e+03	5.000000000000000000e+00
3.610755627009646560e+03	0.000000000000000000e+00
3.621398713826366475e+03	2.000000000000000000e+00
3.632041800643087299e+03	0.000000000000000000e+00
3.642684887459807214e+03	2.000000000000000000e+00
3.653327974276527584e+03	0.000000000000000000e+00
3.663971061093247954e+03	3.000000000000000000e+00
3.674614147909967869e+03	0.000000000000000000e+00
3.685257234726688694e+03	6.000000000000000000e+00
3.695900321543408609e+03	4.000000000000000000e+00
3.706543408360128524e+03	0.000000000000000000e+00
3.717186495176849348e+03	2.000000000000000000e+00
3.727829581993569263e+03	0.000000000000000000e+00
3.738472668810289633e+03	2.000000000000000000e+00
3.749115755627010003e+03	0.000000000000000000e+00
3.759758842443729918e+03	3.000000000000000000e+00
3.770401929260450743e+03	0.000000000000000000e+00
3.781045016077170658e+03	4.000000000000000000e+00
3.791688102893890573e+03	0.000000000000000000e+00
3.802331189710611397e+03	5.000000000000000000e+00
3.812974276527331313e+03	0.000000000000000000e+00
3.823617363344051682e+03	2.000000000000000000e+00
3.834260450160772052e+03	0.000000000000000000e+00
3.844903536977491967e+03	1.000000000000000000e+00
3.855546623794212792e+03	1.000000000000000000e+00
3.866189710610932707e+03	0.000000000000000000e+00
3.876832797427652622e+03	3.000000000000000000e+00
3.887475884244373447e+03	0.000000000000000000e+00
3.898118971061093362e+03	1.000000000000000000e+00
3.908762057877813731e+03	0.000000000000000000e+00
3.919405144694534101e+03	5.000000000000000000e+00
3.930048231511254016e+03	0.000000000000000000e+00
3.940691318327974841e+03	3.000000000000000000e+00
3.951334405144694756e+03	0.000000000000000000e+00
3.961977491961414671e+03	2.000000000000000000e+00
3.972620578778135496e+03	0.000000000000000000e+00
3.983263665594855411e+03	1.000000000000000000e+00
3.993906752411575781e+03	0.000000000000000000e+00
4.004549839228296150e+03	2.000000000000000000e+00
4.015192926045016065e+03	1.000000000000000000e+00
4.025836012861736890e+03	0.000000000000000000e+00
4.036479099678456805e+03	4.000000000000000000e+00
4.047122186495176720e+03	0.000000000000000000e+00
4.057765273311897545e+03	5.000000000000000000e+00
4.068408360128617460e+03	0.000000000000000000e+00
4.079051446945337830e+03	2.000000000000000000e+00
4.089694533762058199e+03	0.000000000000000000e+00
4.100337620578778115e+03	2.000000000000000000e+00
4.110980707395498939e+03	0.000000000000000000e+00
4.121623794212218854e+03	1.000000000000000000e+00
4.132266881028939679e+03	0.000000000000000000e+00
4.142909967845659594e+03	3.000000000000000000e+00
4.153553054662379509e+03	0.000000000000000000e+00
4.164196141479100334e+03	1.000000000000000000e+00
4.174839228295820249e+03	3.000000000000000000e+00
4.185482315112540164e+03	0.000000000000000000e+00
4.196125401929260988e+03	2.000000000000000000e+00
4.206768488745980903e+03	0.000000000000000000e+00
4.217411575562700818e+03	1.000000000000000000e+00
4.228054662379421643e+03	0.000000000000000000e+00
4.238697749196142468e+03	3.000000000000000000e+00
4.249340836012861473e+03	0.000000000000000000e+00
4.259983922829582298e+03	4.000000000000000000e+00
4.270627009646303122e+03	0.000000000000000000e+00
4.281270096463022128e+03	6.000000000000000000e+00
4.291913183279742952e+03	0.000000000000000000e+00
4.302556270096463777e+03	7.000000000000000000e+00
4.313199356913183692e+03	0.000000000000000000e+00
4.323842443729903607e+03	4.000000000000000000e+00
4.334485530546624432e+03	0.000000000000000000e+00
4.345128617363344347e+03	4.000000000000000000e+00
4.355771704180064262e+03	0.000000000000000000e+00
4.366414790996785086e+03	0.000000000000000000e+00
4.377057877813505002e+03	1.000000000000000000e+00
4.387700964630224917e+03	0.000000000000000000e+00
4.398344051446945741e+03	4.000000000000000000e+00
4.408987138263666566e+03	0.000000000000000000e+00
4.419630225080385571e+03	2.000000000000000000e+00
4.430273311897106396e+03	0.000000000000000000e+00
4.440916398713827220e+03	1.000000000000000000e+00
4.451559485530546226e+03	0.000000000000000000e+00
4.462202572347267051e+03	1.000000000000000000e+00
4.472845659163987875e+03	0.000000000000000000e+00
4.483488745980707790e+03	4.000000000000000000e+00
4.494131832797427705e+03	0.000000000000000000e+00
4.504774919614148530e+03	3.000000000000000000e+00
4.515418006430868445e+03	2.000000000000000000e+00
4.526061093247588360e+03	0.000000000000000000e+00
4.536704180064309185e+03	3.000000000000000000e+00
4.547347266881029100e+03	0.000000000000000000e+00
4.557990353697749015e+03	4.000000000000000000e+00
4.568633440514469839e+03	0.000000000000000000e+00
4.579276527331190664e+03	2.000000000000000000e+00
4.589919614147909670e+03	0.000000000000000000e+00
4.600562700964630494e+03	3.000000000000000000e+00
4.611205787781351319e+03	0.000000000000000000e+00
4.621848874598070324e+03	2.000000000000000000e+00
4.632491961414791149e+03	0.000000000000000000e+00
4.643135048231511973e+03	2.000000000000000000e+00
4.653778135048231889e+03	0.000000000000000000e+00
4.664421221864951804e+03	3.000000000000000000e+00
4.675064308681672628e+03	3.000000000000000000e+00
4.685707395498392543e+03	0.000000000000000000e+00
4.696350482315112458e+03	1.000000000000000000e+00
4.706993569131833283e+03	0.000000000000000000e+00
4.717636655948553198e+03	1.000000000000000000e+00
4.728279742765273113e+03	0.000000000000000000e+00
4.738922829581993938e+03	2.000000000000000000e+00
4.749565916398714762e+03	0.000000000000000000e+00
4.760209003215433768e+03	2.000000000000000000e+00
4.770852090032154592e+03	0.000000000000000000e+00
4.781495176848875417e+03	0.000000000000000000e+00
4.792138263665594422e+03	0.000000000000000000e+00
4.802781350482315247e+03	1.000000000000000000e+00
4.813424437299036072e+03	0.000000000000000000e+00
4.824067524115755987e+03	1.000000000000000000e+00
4.834710610932475902e+03	1.000000000000000000e+00
4.845353697749196726e+03	0.000000000000000000e+00
4.855996784565916641e+03	1.000000000000000000e+00
4.866639871382636557e+03	0.000000000000000000e+00
4.877282958199357381e+03	1.000000000000000000e+00
4.887926045016078206e+03	0.000000000000000000e+00
4.898569131832797211e+03	0.000000000000000000e+00
4.909212218649518036e+03	0.000000000000000000e+00
4.919855305466238860e+03	3.000000000000000000e+00
4.930498392282957866e+03	0.000000000000000000e+00
4.941141479099678691e+03	1.000000000000000000e+00
4.951784565916399515e+03	0.000000000000000000e+00
4.962427652733119430e+03	0.000000000000000000e+00
4.973070739549839345e+03	0.000000000000000000e+00
4.983713826366560170e+03	0.000000000000000000e+00
4.994356913183280085e+03	0.000000000000000000e+00
5.005000000000000000e+03	1.000000000000000000e+00
5.015643086816720825e+03	3.000000000000000000e+00
5.026286173633440740e+03	0.000000000000000000e+00
5.036929260450160655e+03	4.000000000000000000e+00
5.047572347266881479e+03	0.000000000000000000e+00
5.058215434083602304e+03	0.000000000000000000e+00
5.068858520900321309e+03	0.000000000000000000e+00
5.079501607717042134e+03	0.000000000000000000e+00
5.090144694533762959e+03	0.000000000000000000e+00
5.100787781350481964e+03	1.000000000000000000e+00
5.111430868167202789e+03	0.000000000000000000e+00
5.122073954983923613e+03	1.000000000000000000e+00
5.132717041800643528e+03	0.000000000000000000e+00
5.143360128617363443e+03	2.000000000000000000e+00
5.154003215434084268e+03	0.000000000000000000e+00
5.164646302250804183e+03	1.000000000000000000e+00
5.175289389067524098e+03	2.000000000000000000e+00
5.185932475884244923e+03	0.000000000000000000e+00
5.196575562700964838e+03	4.000000000000000000e+00
5.207218649517684753e+03	0.000000000000000000e+00
5.217861736334405578e+03	4.000000000000000000e+00
5.228504823151126402e+03	0.000000000000000000e+00
5.239147909967845408e+03	1.000000000000000000e+00
5.249790996784566232e+03	0.000000000000000000e+00
5.260434083601287057e+03	2.000000000000000000e+00
5.271077170418006062e+03	0.000000000000000000e+00
5.281720257234726887e+03	2.000000000000000000e+00
5.292363344051447712e+03	0.000000000000000000e+00
5.303006430868167627e+03	0.000000000000000000e+00
5.313649517684887542e+03	0.000000000000000000e+00
5.324292604501608366e+03	3.000000000000000000e+00
5.334935691318328281e+03	4.000000000000000000e+00
5.345578778135048196e+03	0.000000000000000000e+00
5.356221864951769021e+03	0.000000000000000000e+00
5.366864951768488936e+03	0.000000000000000000e+00
5.377508038585208851e+03	2.000000000000000000e+00
5.388151125401929676e+03	0.000000000000000000e+00
5.398794212218650500e+03	2.000000000000000000e+00
5.409437299035369506e+03	0.000000000000000000e+00
5.420080385852090330e+03	1.000000000000000000e+00
5.430723472668811155e+03	0.000000000000000000e+00
5.441366559485530161e+03	2.000000000000000000e+00
5.452009646302250985e+03	0.000000000000000000e+00
5.462652733118971810e+03	0.000000000000000000e+00
5.473295819935691725e+03	0.000000000000000000e+00
5.483938906752411640e+03	2.000000000000000000e+00
5.494581993569132464e+03	0.000000000000000000e+00
5.505225080385852380e+03	1.000000000000000000e+00
5.515868167202572295e+03	0.000000000000000000e+00
5.526511254019293119e+03	0.000000000000000000e+00
5.537154340836013944e+03	4.000000000000000000e+00
5.547797427652732949e+03	0.000000000000000000e+00
5.558440514469453774e+03	1.000000000000000000e+00
5.569083601286174598e+03	0.000000000000000000e+00
5.579726688102893604e+03	1.000000000000000000e+00
5.590369774919614429e+03	0.000000000000000000e+00
5.601012861736335253e+03	2.000000000000000000e+00
5.611655948553055168e+03	0.000000000000000000e+00
5.622299035369775083e+03	4.000000000000000000e+00
5.632942122186495908e+03	0.000000000000000000e+00
5.643585209003215823e+03	2.000000000000000000e+00
5.654228295819935738e+03	0.000000000000000000e+00
5.664871382636656563e+03	0.000000000000000000e+00
5.675514469453376478e+03	0.000000000000000000e+00
5.686157556270096393e+03	0.000000000000000000e+00
5.696800643086817217e+03	0.000000000000000000e+00
5.707443729903538042e+03	0.000000000000000000e+00
5.718086816720257048e+03	0.000000000000000000e+00
5.728729903536977872e+03	0.000000000000000000e+00
5.739372990353698697e+03	0.000000000000000000e+00
5.750016077170417702e+03	0.000000000000000000e+00
5.760659163987138527e+03	2.000000000000000000e+00
5.771302250803859351e+03	0.000000000000000000e+00
5.781945337620579267e+03	1.000000000000000000e+00
5.792588424437299182e+03	0.000000000000000000e+00
5.803231511254020006e+03	3.000000000000000000e+00
5.813874598070739921e+03	0.000000000000000000e+00
5.824517684887459836e+03	1.000000000000000000e+00
5.835160771704180661e+03	0.000000000000000000e+00
5.845803858520900576e+03	0.000000000000000000e+00
5.856446945337620491e+03	1.000000000000000000e+00
5.867090032154341316e+03	0.000000000000000000e+00
5.877733118971062140e+03	3.000000000000000000e+00
5.888376205787781146e+03	0.000000000000000000e+00
5.899019292604501970e+03	0.000000000000000000e+00
5.909662379421222795e+03	0.000000000000000000e+00
5.920305466237941801e+03	2.000000000000000000e+00
5.930948553054662625e+03	0.000000000000000000e+00
5.941591639871383450e+03	3.000000000000000000e+00
5.952234726688103365e+03	0.000000000000000000e+00
5.962877813504823280e+03	0.000000000000000000e+00
5.973520900321544104e+03	0.000000000000000000e+00
5.984163987138264019e+03	0.000000000000000000e+00
5.994807073954983935e+03	0.000000000000000000e+00
6.005450160771704759e+03	0.000000000000000000e+00
6.016093247588424674e+03	0.000000000000000000e+00
6.026736334405144589e+03	0.000000000000000000e+00
6.037379421221865414e+03	2.000000000000000000e+00
6.048022508038586238e+03	0.000000000000000000e+00
6.058665594855305244e+03	1.000000000000000000e+00
6.069308681672026069e+03	0.000000000000000000e+00
6.079951768488746893e+03	1.000000000000000000e+00
6.090594855305465899e+03	0.000000000000000000e+00
6.101237942122186723e+03	3.000000000000000000e+00
6.111881028938907548e+03	0.000000000000000000e+00
6.122524115755627463e+03	0.000000000000000000e+00
6.133167202572347378e+03	0.000000000000000000e+00
6.143810289389068203e+03	2.000000000000000000e+00
6.154453376205788118e+03	0.000000000000000000e+00
6.165096463022508033e+03	0.000000000000000000e+00
6.175739549839228857e+03	1.000000000000000000e+00
6.186382636655949682e+03	0.000000000000000000e+00
6.197025723472668687e+03	4.000000000000000000e+00
6.207668810289389512e+03	0.000000000000000000e+00
6.218311897106110337e+03	3.000000000000000000e+00
6.228954983922829342e+03	0.000000000000000000e+00
6.239598070739550167e+03	1.000000000000000000e+00
6.250241157556270991e+03	0.000000000000000000e+00
6.260884244372990906e+03	0.000000000000000000e+00
6.271527331189710821e+03	0.000000000000000000e+00
6.282170418006431646e+03	2.000000000000000000e+00
6.292813504823151561e+03	0.000000000000000000e+00
6.303456591639871476e+03	0.000000000000000000e+00
6.314099678456592301e+03	0.000000000000000000e+00
6.324742765273312216e+03	2.000000000000000000e+00
6.335385852090032131e+03	1.000000000000000000e+00
6.346028938906752956e+03	0.000000000000000000e+00
6.356672025723473780e+03	1.000000000000000000e+00
6.367315112540192786e+03	0.000000000000000000e+00
6.377958199356913610e+03	0.000000000000000000e+00
6.388601286173634435e+03	0.000000000000000000e+00
6.399244372990353440e+03	0.000000000000000000e+00
6.409887459807074265e+03	0.000000000000000000e+00
6.420530546623795090e+03	0.000000000000000000e+00
6.431173633440515005e+03	0.000000000000000000e+00
6.441816720257234920e+03	1.000000000000000000e+00
6.452459807073955744e+03	0.000000000000000000e+00
6.463102893890675659e+03	1.000000000000000000e+00
6.473745980707395574e+03	0.000000000000000000e+00
6.484389067524116399e+03	2.000000000000000000e+00
6.495032154340836314e+03	1.000000000000000000e+00
6.505675241157556229e+03	0.000000000000000000e+00
6.516318327974277054e+03	1.000000000000000000e+00
6.526961414790997878e+03	0.000000000000000000e+00
6.537604501607716884e+03	1.000000000000000000e+00
6.548247588424437708e+03	0.000000000000000000e+00
6.558890675241158533e+03	2.000000000000000000e+00
6.569533762057877539e+03	0.000000000000000000e+00
6.580176848874598363e+03	3.000000000000000000e+00
6.590819935691319188e+03	0.000000000000000000e+00
6.601463022508039103e+03	1.000000000000000000e+00
6.612106109324759018e+03	0.000000000000000000e+00
6.622749196141479842e+03	1.000000000000000000e+00
6.633392282958199758e+03	0.000000000000000000e+00
6.644035369774919673e+03	0.000000000000000000e+00
6.654678456591640497e+03	0.000000000000000000e+00
6.665321543408360412e+03	1.000000000000000000e+00
6.675964630225080327e+03	0.000000000000000000e+00
6.686607717041801152e+03	0.000000000000000000e+00
6.697250803858521977e+03	0.000000000000000000e+00
6.707893890675240982e+03	0.000000000000000000e+00
6.718536977491961807e+03	1.000000000000000000e+00
6.729180064308682631e+03	0.000000000000000000e+00
6.739823151125401637e+03	1.000000000000000000e+00
6.750466237942122461e+03	0.000000000000000000e+00
6.761109324758843286e+03	1.000000000000000000e+00
6.771752411575563201e+03	0.000000000000000000e+00
6.782395498392283116e+03	1.000000000000000000e+00
6.793038585209003941e+03	0.000000000000000000e+00
6.803681672025723856e+03	0.000000000000000000e+00
6.814324758842443771e+03	0.000000000000000000e+00
6.824967845659164595e+03	0.000000000000000000e+00
6.835610932475884510e+03	1.000000000000000000e+00
6.846254019292604426e+03	0.000000000000000000e+00
6.856897106109325250e+03	0.000000000000000000e+00
6.867540192926046075e+03	0.000000000000000000e+00
6.878183279742765080e+03	0.000000000000000000e+00
6.888826366559485905e+03	0.000000000000000000e+00
6.899469453376206729e+03	0.000000000000000000e+00
6.910112540192926645e+03	0.000000000000000000e+00
6.920755627009646560e+03	0.000000000000000000e+00
6.931398713826367384e+03	0.000000000000000000e+00
6.942041800643087299e+03	0.000000000000000000e+00
6.952684887459807214e+03	0.000000000000000000e+00
6.963327974276528039e+03	1.000000000000000000e+00
6.973971061093247954e+03	0.000000000000000000e+00
6.984614147909967869e+03	0.000000000000000000e+00
6.995257234726688694e+03	2.000000000000000000e+00
7.005900321543409518e+03	0.000000000000000000e+00
7.016543408360128524e+03	2.000000000000000000e+00
7.027186495176849348e+03	0.000000000000000000e+00
7.037829581993570173e+03	0.000000000000000000e+00
7.048472668810289179e+03	0.000000000000000000e+00
7.059115755627010003e+03	1.000000000000000000e+00
7.069758842443730828e+03	0.000000000000000000e+00
7.080401929260450743e+03	3.000000000000000000e+00
7.091045016077170658e+03	0.000000000000000000e+00
7.101688102893891482e+03	0.000000000000000000e+00
7.112331189710611397e+03	0.000000000000000000e+00
7.122974276527331313e+03	1.000000000000000000e+00
7.133617363344052137e+03	0.000000000000000000e+00
7.144260450160772052e+03	0.000000000000000000e+00
7.154903536977491967e+03	0.000000000000000000e+00
7.165546623794212792e+03	0.000000000000000000e+00
7.176189710610933616e+03	0.000000000000000000e+00
7.186832797427652622e+03	0.000000000000000000e+00
7.197475884244373447e+03	1.000000000000000000e+00
7.208118971061094271e+03	0.000000000000000000e+00
7.218762057877813277e+03	1.000000000000000000e+00
7.229405144694534101e+03	0.000000000000000000e+00
7.240048231511254926e+03	0.000000000000000000e+00
7.250691318327974841e+03	0.000000000000000000e+00
7.261334405144694756e+03	1.000000000000000000e+00
7.271977491961415581e+03	0.000000000000000000e+00
7.282620578778135496e+03	2.000000000000000000e+00
7.293263665594855411e+03	0.000000000000000000e+00
7.303906752411576235e+03	1.000000000000000000e+00
7.314549839228296150e+03	0.000000000000000000e+00
7.325192926045016065e+03	3.000000000000000000e+00
7.335836012861736890e+03	0.000000000000000000e+00
7.346479099678457715e+03	0.000000000000000000e+00
7.357122186495176720e+03	0.000000000000000000e+00
7.367765273311897545e+03	0.000000000000000000e+00
7.378408360128618369e+03	3.000000000000000000e+00
7.389051446945337375e+03	0.000000000000000000e+00
7.399694533762058199e+03	0.000000000000000000e+00
7.410337620578779024e+03	0.000000000000000000e+00
7.420980707395498939e+03	1.000000000000000000e+00
7.431623794212218854e+03	0.000000000000000000e+00
7.442266881028939679e+03	5.000000000000000000e+00
7.452909967845659594e+03	0.000000000000000000e+00
7.463553054662379509e+03	0.000000000000000000e+00
7.474196141479100334e+03	0.000000000000000000e+00
7.484839228295820249e+03	0.000000000000000000e+00
7.495482315112540164e+03	0.000000000000000000e+00
7.506125401929260988e+03	0.000000000000000000e+00
7.516768488745981813e+03	0.000000000000000000e+00
7.527411575562700818e+03	0.000000000000000000e+00
7.538054662379421643e+03	1.000000000000000000e+00
7.548697749196142468e+03	0.000000000000000000e+00
7.559340836012862383e+03	0.000000000000000000e+00
7.569983922829582298e+03	0.000000000000000000e+00
7.580627009646303122e+03	1.000000000000000000e+00
7.591270096463023037e+03	0.000000000000000000e+00
7.601913183279742952e+03	0.000000000000000000e+00
7.612556270096463777e+03	0.000000000000000000e+00
7.623199356913183692e+03	1.000000000000000000e+00
7.633842443729903607e+03	0.000000000000000000e+00
7.644485530546624432e+03	0.000000000000000000e+00
7.655128617363345256e+03	0.000000000000000000e+00
7.665771704180064262e+03	0.000000000000000000e+00
7.676414790996785086e+03	1.000000000000000000e+00
7.687057877813505911e+03	0.000000000000000000e+00
7.697700964630224917e+03	1.000000000000000000e+00
7.708344051446945741e+03	0.000000000000000000e+00
7.718987138263666566e+03	0.000000000000000000e+00
7.729630225080386481e+03	0.000000000000000000e+00
7.740273311897106396e+03	0.000000000000000000e+00
7.750916398713827220e+03	0.000000000000000000e+00
7.761559485530547136e+03	1.000000000000000000e+00
7.772202572347267051e+03	0.000000000000000000e+00
7.782845659163987875e+03	0.000000000000000000e+00
7.793488745980707790e+03	0.000000000000000000e+00
7.804131832797427705e+03	1.000000000000000000e+00
7.814774919614148530e+03	0.000000000000000000e+00
7.825418006430869355e+03	0.000000000000000000e+00
7.836061093247588360e+03	0.000000000000000000e+00
7.846704180064309185e+03	0.000000000000000000e+00
7.857347266881030009e+03	0.000000000000000000e+00
7.867990353697749015e+03	0.000000000000000000e+00
7.878633440514469839e+03	1.000000000000000000e+00
7.889276527331190664e+03	0.000000000000000000e+00
7.899919614147910579e+03	1.000000000000000000e+00
7.910562700964630494e+03	0.000000000000000000e+00
7.921205787781351319e+03	2.000000000000000000e+00
7.931848874598071234e+03	0.000000000000000000e+00
7.942491961414791149e+03	0.000000000000000000e+00
7.953135048231511973e+03	0.000000000000000000e+00
7.963778135048231889e+03	1.000000000000000000e+00
7.974421221864951804e+03	0.000000000000000000e+00
7.985064308681672628e+03	1.000000000000000000e+00
7.995707395498393453e+03	2.000000000000000000e+00
8.006350482315112458e+03	0.000000000000000000e+00
8.016993569131833283e+03	1.000000000000000000e+00
8.027636655948554107e+03	0.000000000000000000e+00
8.038279742765273113e+03	0.000000000000000000e+00
8.048922829581993938e+03	0.000000000000000000e+00
8.059565916398714762e+03	1.000000000000000000e+00
8.070209003215434677e+03	0.000000000000000000e+00
8.080852090032154592e+03	1.000000000000000000e+00
8.091495176848875417e+03	0.000000000000000000e+00
8.102138263665595332e+03	0.000000000000000000e+00
8.112781350482315247e+03	0.000000000000000000e+00
8.123424437299036072e+03	1.000000000000000000e+00
8.134067524115755987e+03	0.000000000000000000e+00
8.144710610932475902e+03	1.000000000000000000e+00
8.155353697749196726e+03	0.000000000000000000e+00
8.165996784565917551e+03	0.000000000000000000e+00
8.176639871382636557e+03	1.000000000000000000e+00
8.187282958199357381e+03	0.000000000000000000e+00
8.197926045016078206e+03	0.000000000000000000e+00
8.208569131832799030e+03	0.000000000000000000e+00
8.219212218649518036e+03	0.000000000000000000e+00
8.229855305466238860e+03	0.000000000000000000e+00
8.240498392282959685e+03	0.000000000000000000e+00
8.251141479099678691e+03	0.000000000000000000e+00
8.261784565916399515e+03	2.000000000000000000e+00
8.272427652733120340e+03	0.000000000000000000e+00
8.283070739549839345e+03	0.000000000000000000e+00
8.293713826366560170e+03	0.000000000000000000e+00
8.304356913183280994e+03	0.000000000000000000e+00
8.315000000000000000e+03	0.000000000000000000e+00
8.325643086816720825e+03	0.000000000000000000e+00
8.336286173633441649e+03	0.000000000000000000e+00
8.346929260450160655e+03	0.000000000000000000e+00
8.357572347266881479e+03	2.000000000000000000e+00
8.368215434083602304e+03	0.000000000000000000e+00
8.378858520900321309e+03	0.000000000000000000e+00
8.389501607717042134e+03	0.000000000000000000e+00
8.400144694533762959e+03	0.000000000000000000e+00
8.410787781350481964e+03	0.000000000000000000e+00
8.421430868167204608e+03	0.000000000000000000e+00
8.432073954983923613e+03	0.000000000000000000e+00
8.442717041800642619e+03	0.000000000000000000e+00
8.453360128617365262e+03	0.000000000000000000e+00
8.464003215434084268e+03	0.000000000000000000e+00
8.474646302250803274e+03	0.000000000000000000e+00
8.485289389067525917e+03	0.000000000000000000e+00
8.495932475884244923e+03	1.000000000000000000e+00
8.506575562700963928e+03	0.000000000000000000e+00
8.517218649517686572e+03	1.000000000000000000e+00
8.527861736334405578e+03	0.000000000000000000e+00
8.538504823151124583e+03	1.000000000000000000e+00
8.549147909967847227e+03	0.000000000000000000e+00
8.559790996784566232e+03	0.000000000000000000e+00
8.570434083601285238e+03	0.000000000000000000e+00
8.581077170418007881e+03	0.000000000000000000e+00
8.591720257234726887e+03	0.000000000000000000e+00
8.602363344051447712e+03	2.000000000000000000e+00
8.613006430868168536e+03	0.000000000000000000e+00
8.623649517684887542e+03	2.000000000000000000e+00
8.634292604501608366e+03	0.000000000000000000e+00
8.644935691318329191e+03	0.000000000000000000e+00
8.655578778135048196e+03	1.000000000000000000e+00
8.666221864951769021e+03	0.000000000000000000e+00
8.676864951768489846e+03	1.000000000000000000e+00
8.687508038585208851e+03	0.000000000000000000e+00
8.698151125401929676e+03	0.000000000000000000e+00
8.708794212218650500e+03	0.000000000000000000e+00
8.719437299035369506e+03	1.000000000000000000e+00
8.730080385852090330e+03	0.000000000000000000e+00
8.740723472668811155e+03	0.000000000000000000e+00
8.751366559485530161e+03	0.000000000000000000e+00
8.762009646302252804e+03	0.000000000000000000e+00
8.772652733118971810e+03	0.000000000000000000e+00
8.783295819935690815e+03	1.000000000000000000e+00
8.793938906752413459e+03	0.000000000000000000e+00
8.804581993569132464e+03	0.000000000000000000e+00
8.815225080385851470e+03	0.000000000000000000e+00
8.825868167202574114e+03	0.000000000000000000e+00
8.836511254019293119e+03	0.000000000000000000e+00
8.847154340836012125e+03	0.000000000000000000e+00
8.857797427652734768e+03	0.000000000000000000e+00
8.868440514469453774e+03	0.000000000000000000e+00
8.879083601286172780e+03	1.000000000000000000e+00
8.889726688102895423e+03	0.000000000000000000e+00
8.900369774919614429e+03	2.000000000000000000e+00
8.911012861736335253e+03	0.000000000000000000e+00
8.921655948553056078e+03	0.000000000000000000e+00
8.932299035369775083e+03	0.000000000000000000e+00
8.942942122186495908e+03	0.000000000000000000e+00
8.953585209003216733e+03	0.000000000000000000e+00
8.964228295819935738e+03	1.000000000000000000e+00
8.974871382636656563e+03	0.000000000000000000e+00
8.985514469453377387e+03	0.000000000000000000e+00
8.996157556270096393e+03	0.000000000000000000e+00
9.006800643086817217e+03	0.000000000000000000e+00
9.017443729903538042e+03	1.000000000000000000e+00
9.028086816720257048e+03	0.000000000000000000e+00
9.038729903536977872e+03	1.000000000000000000e+00
9.049372990353698697e+03	0.000000000000000000e+00
9.060016077170417702e+03	0.000000000000000000e+00
9.070659163987140346e+03	0.000000000000000000e+00
9.081302250803859351e+03	0.000000000000000000e+00
9.091945337620578357e+03	0.000000000000000000e+00
9.102588424437301001e+03	0.000000000000000000e+00
9.113231511254020006e+03	0.000000000000000000e+00
9.123874598070739012e+03	0.000000000000000000e+00
9.134517684887461655e+03	0.000000000000000000e+00
9.145160771704180661e+03	1.000000000000000000e+00
9.155803858520899666e+03	0.000000000000000000e+00
9.166446945337622310e+03	0.000000000000000000e+00
9.177090032154341316e+03	1.000000000000000000e+00
9.187733118971060321e+03	0.000000000000000000e+00
9.198376205787782965e+03	0.000000000000000000e+00
9.209019292604501970e+03	0.000000000000000000e+00
9.219662379421220976e+03	0.000000000000000000e+00
9.230305466237943619e+03	0.000000000000000000e+00
9.240948553054662625e+03	0.000000000000000000e+00
9.251591639871383450e+03	0.000000000000000000e+00
9.262234726688104274e+03	1.000000000000000000e+00
9.272877813504823280e+03	0.000000000000000000e+00
9.283520900321544104e+03	0.000000000000000000e+00
9.294163987138264929e+03	0.000000000000000000e+00
9.304807073954983935e+03	1.000000000000000000e+00
9.315450160771704759e+03	0.000000000000000000e+00
9.326093247588425584e+03	0.000000000000000000e+00
9.336736334405144589e+03	0.000000000000000000e+00
9.347379421221865414e+03	0.000000000000000000e+00
9.358022508038586238e+03	1.000000000000000000e+00
9.368665594855305244e+03	0.000000000000000000e+00
9.379308681672026069e+03	0.000000000000000000e+00
9.389951768488746893e+03	0.000000000000000000e+00
9.400594855305465899e+03	0.000000000000000000e+00
9.411237942122188542e+03	0.000000000000000000e+00
9.421881028938907548e+03	2.000000000000000000e+00
9.432524115755626553e+03	0.000000000000000000e+00
9.443167202572349197e+03	0.000000000000000000e+00
9.453810289389068203e+03	0.000000000000000000e+00
9.464453376205787208e+03	0.000000000000000000e+00
9.475096463022509852e+03	2.000000000000000000e+00
9.485739549839228857e+03	0.000000000000000000e+00
9.496382636655947863e+03	0.000000000000000000e+00
9.507025723472670506e+03	0.000000000000000000e+00
9.517668810289389512e+03	0.000000000000000000e+00
9.528311897106108518e+03	0.000000000000000000e+00
9.538954983922831161e+03	1.000000000000000000e+00
9.549598070739550167e+03	0.000000000000000000e+00
9.560241157556269172e+03	0.000000000000000000e+00
9.570884244372991816e+03	0.000000000000000000e+00
9.581527331189710821e+03	1.000000000000000000e+00
9.592170418006431646e+03	0.000000000000000000e+00
9.602813504823152471e+03	0.000000000000000000e+00
9.613456591639871476e+03	0.000000000000000000e+00
9.624099678456592301e+03	0.000000000000000000e+00
9.634742765273313125e+03	0.000000000000000000e+00
9.645385852090032131e+03	0.000000000000000000e+00
9.656028938906752956e+03	0.000000000000000000e+00
9.666672025723473780e+03	0.000000000000000000e+00
9.677315112540192786e+03	1.000000000000000000e+00
9.687958199356913610e+03	0.000000000000000000e+00
9.698601286173634435e+03	0.000000000000000000e+00
9.709244372990353440e+03	0.000000000000000000e+00
9.719887459807076084e+03	0.000000000000000000e+00
9.730530546623795090e+03	0.000000000000000000e+00
9.741173633440514095e+03	0.000000000000000000e+00
9.751816720257236739e+03	0.000000000000000000e+00
9.762459807073955744e+03	1.000000000000000000e+00
9.773102893890674750e+03	0.000000000000000000e+00
9.783745980707397393e+03	0.000000000000000000e+00
9.794389067524116399e+03	0.000000000000000000e+00
9.805032154340835405e+03	0.000000000000000000e+00
9.815675241157558048e+03	0.000000000000000000e+00
9.826318327974277054e+03	0.000000000000000000e+00
9.836961414790996059e+03	1.000000000000000000e+00
9.847604501607718703e+03	0.000000000000000000e+00
9.858247588424437708e+03	1.000000000000000000e+00
9.868890675241156714e+03	0.000000000000000000e+00
9.879533762057879358e+03	0.000000000000000000e+00
9.890176848874598363e+03	0.000000000000000000e+00
9.900819935691319188e+03	0.000000000000000000e+00
9.911463022508040012e+03	0.000000000000000000e+00
9.922106109324759018e+03	0.000000000000000000e+00
9.932749196141479842e+03	0.000000000000000000e+00
9.943392282958200667e+03	0.000000000000000000e+00
9.954035369774919673e+03	0.000000000000000000e+00
9.964678456591640497e+03	0.000000000000000000e+00
9.975321543408361322e+03	0.000000000000000000e+00
9.985964630225080327e+03	0.000000000000000000e+00
9.996607717041801152e+03	1.000000000000000000e+00
1.000725080385852198e+04	0.000000000000000000e+00
1.001789389067524098e+04	0.000000000000000000e+00
1.002853697749196181e+04	0.000000000000000000e+00
1.003918006430868263e+04	0.000000000000000000e+00
1.004982315112540164e+04	0.000000000000000000e+00
1.006046623794212428e+04	0.000000000000000000e+00
1.007110932475884329e+04	0.000000000000000000e+00
1.008175241157556229e+04	0.000000000000000000e+00
1.009239549839228494e+04	0.000000000000000000e+00
1.010303858520900394e+04	0.000000000000000000e+00
1.011368167202572295e+04	0.000000000000000000e+00
1.012432475884244559e+04	0.000000000000000000e+00
1.013496784565916460e+04	0.000000000000000000e+00
1.014561093247588360e+04	0.000000000000000000e+00
1.015625401929260624e+04	0.000000000000000000e+00
1.016689710610932525e+04	0.000000000000000000e+00
1.017754019292604426e+04	1.000000000000000000e+00
1.018818327974276690e+04	0.000000000000000000e+00
1.019882636655948590e+04	0.000000000000000000e+00
1.020946945337620491e+04	0.000000000000000000e+00
1.022011254019292755e+04	0.000000000000000000e+00
1.023075562700964656e+04	0.000000000000000000e+00
1.024139871382636738e+04	0.000000000000000000e+00
1.025204180064308821e+04	0.000000000000000000e+00
1.026268488745980721e+04	0.000000000000000000e+00
1.027332797427652804e+04	0.000000000000000000e+00
1.028397106109324886e+04	0.000000000000000000e+00
1.029461414790996787e+04	0.000000000000000000e+00
1.030525723472668869e+04	1.000000000000000000e+00
1.031590032154340952e+04	0.000000000000000000e+00
1.032654340836012852e+04	0.000000000000000000e+00
1.033718649517684935e+04	0.000000000000000000e+00
1.034782958199357017e+04	0.000000000000000000e+00
1.035847266881028918e+04	1.000000000000000000e+00
1.036911575562701182e+04	0.000000000000000000e+00
1.037975884244373083e+04	0.000000000000000000e+00
1.039040192926044983e+04	0.000000000000000000e+00
1.040104501607717248e+04	0.000000000000000000e+00
1.041168810289389148e+04	0.000000000000000000e+00
1.042233118971061049e+04	1.000000000000000000e+00
1.043297427652733313e+04	0.000000000000000000e+00
1.044361736334405214e+04	0.000000000000000000e+00
1.045426045016077114e+04	0.000000000000000000e+00
1.046490353697749379e+04	0.000000000000000000e+00
1.047554662379421279e+04	1.000000000000000000e+00
1.048618971061093180e+04	0.000000000000000000e+00
1.049683279742765444e+04	0.000000000000000000e+00
1.050747588424437345e+04	0.000000000000000000e+00
1.051811897106109245e+04	1.000000000000000000e+00
1.052876205787781510e+04	0.000000000000000000e+00
1.053940514469453410e+04	0.000000000000000000e+00
1.055004823151125493e+04	0.000000000000000000e+00
1.056069131832797575e+04	0.000000000000000000e+00
1.057133440514469476e+04	0.000000000000000000e+00
1.058197749196141558e+04	0.000000000000000000e+00
1.059262057877813641e+04	0.000000000000000000e+00
1.060326366559485541e+04	0.000000000000000000e+00
1.061390675241157624e+04	0.000000000000000000e+00
1.062454983922829706e+04	0.000000000000000000e+00
1.063519292604501607e+04	0.000000000000000000e+00
1.064583601286173689e+04	0.000000000000000000e+00
1.065647909967845771e+04	0.000000000000000000e+00
1.066712218649517672e+04	0.000000000000000000e+00
1.067776527331189754e+04	0.000000000000000000e+00
1.068840836012861837e+04	0.000000000000000000e+00
1.069905144694533737e+04	0.000000000000000000e+00
1.070969453376206002e+04	0.000000000000000000e+00
1.072033762057877902e+04	0.000000000000000000e+00
1.073098070739549803e+04	0.000000000000000000e+00
1.074162379421222067e+04	1.000000000000000000e+00
1.075226688102893968e+04	0.000000000000000000e+00
1.076290996784565868e+04	0.000000000000000000e+00
1.077355305466238133e+04	0.000000000000000000e+00
1.078419614147910033e+04	1.000000000000000000e+00
1.079483922829581934e+04	0.000000000000000000e+00
1.080548231511254198e+04	0.000000000000000000e+00
1.081612540192926099e+04	0.000000000000000000e+00
1.082676848874597999e+04	0.000000000000000000e+00
1.083741157556270264e+04	0.000000000000000000e+00
1.084805466237942164e+04	0.000000000000000000e+00
1.085869774919614065e+04	0.000000000000000000e+00
1.086934083601286329e+04	0.000000000000000000e+00
1.087998392282958230e+04	0.000000000000000000e+00
1.089062700964630312e+04	0.000000000000000000e+00
1.090127009646302395e+04	0.000000000000000000e+00
1.091191318327974295e+04	0.000000000000000000e+00
1.092255627009646378e+04	0.000000000000000000e+00
1.093319935691318460e+04	0.000000000000000000e+00
1.094384244372990361e+04	0.000000000000000000e+00
1.095448553054662443e+04	0.000000000000000000e+00
1.096512861736334526e+04	0.000000000000000000e+00
1.097577170418006426e+04	0.000000000000000000e+00
1.098641479099678509e+04	0.000000000000000000e+00
1.099705787781350591e+04	1.000000000000000000e+00
1.100770096463022492e+04	0.000000000000000000e+00
1.101834405144694756e+04	0.000000000000000000e+00
1.102898713826366657e+04	0.000000000000000000e+00
1.103963022508038557e+04	1.000000000000000000e+00
1.105027331189710821e+04	0.000000000000000000e+00
1.106091639871382722e+04	0.000000000000000000e+00
1.107155948553054623e+04	0.000000000000000000e+00
1.108220257234726887e+04	0.000000000000000000e+00
1.109284565916398788e+04	0.000000000000000000e+00
1.110348874598070688e+04	0.000000000000000000e+00
1.111413183279742952e+04	0.000000000000000000e+00
1.112477491961414853e+04	1.000000000000000000e+00
1.113541800643086754e+04	0.000000000000000000e+00
1.114606109324759018e+04	0.000000000000000000e+00
1.115670418006430918e+04	0.000000000000000000e+00
1.116734726688102819e+04	0.000000000000000000e+00
1.117799035369775083e+04	0.000000000000000000e+00
1.118863344051446984e+04	0.000000000000000000e+00
1.119927652733119066e+04	0.000000000000000000e+00
1.120991961414791149e+04	0.000000000000000000e+00
1.122056270096463049e+04	0.000000000000000000e+00
1.123120578778135132e+04	0.000000000000000000e+00
1.124184887459807214e+04	0.000000000000000000e+00
1.125249196141479115e+04	0.000000000000000000e+00
1.126313504823151197e+04	0.000000000000000000e+00
1.127377813504823280e+04	0.000000000000000000e+00
1.128442122186495180e+04	0.000000000000000000e+00
1.129506430868167263e+04	1.000000000000000000e+00
1.130570739549839345e+04	0.000000000000000000e+00
1.131635048231511246e+04	0.000000000000000000e+00
1.132699356913183328e+04	0.000000000000000000e+00
1.133763665594855411e+04	0.000000000000000000e+00
1.134827974276527311e+04	0.000000000000000000e+00
1.135892282958199576e+04	0.000000000000000000e+00
1.136956591639871476e+04	0.000000000000000000e+00
1.138020900321543377e+04	0.000000000000000000e+00
1.139085209003215641e+04	0.000000000000000000e+00
1.140149517684887542e+04	0.000000000000000000e+00
1.141213826366559442e+04	0.000000000000000000e+00
1.142278135048231707e+04	0.000000000000000000e+00
1.143342443729903607e+04	0.000000000000000000e+00
1.144406752411575508e+04	0.000000000000000000e+00
1.145471061093247772e+04	0.000000000000000000e+00
1.146535369774919673e+04	0.000000000000000000e+00
1.147599678456591573e+04	0.000000000000000000e+00
1.148663987138263838e+04	0.000000000000000000e+00
1.149728295819935738e+04	0.000000000000000000e+00
1.150792604501607639e+04	0.000000000000000000e+00
1.151856913183279903e+04	0.000000000000000000e+00
1.152921221864951804e+04	0.000000000000000000e+00
1.153985530546623886e+04	0.000000000000000000e+00
1.155049839228295968e+04	0.000000000000000000e+00
1.156114147909967869e+04	0.000000000000000000e+00
1.157178456591639952e+04	0.000000000000000000e+00
1.158242765273312034e+04	0.000000000000000000e+00
1.159307073954983935e+04	0.000000000000000000e+00
1.160371382636656017e+04	0.000000000000000000e+00
1.161435691318328099e+04	0.000000000000000000e+00
1.162500000000000000e+04	0.000000000000000000e+00
1.163564308681672082e+04	0.000000000000000000e+00
1.164628617363344165e+04	0.000000000000000000e+00
1.165692926045016065e+04	0.000000000000000000e+00
1.166757234726688330e+04	0.000000000000000000e+00
1.167821543408360230e+04	0.000000000000000000e+00
1.168885852090032131e+04	0.000000000000000000e+00
1.169950160771704395e+04	0.000000000000000000e+00
1.171014469453376296e+04	0.000000000000000000e+00
1.172078778135048196e+04	0.000000000000000000e+00
1.173143086816720461e+04	0.000000000000000000e+00
1.174207395498392361e+04	0.000000000000000000e+00
1.175271704180064262e+04	0.000000000000000000e+00
1.176336012861736526e+04	0.000000000000000000e+00
1.177400321543408427e+04	0.000000000000000000e+00
1.178464630225080327e+04	0.000000000000000000e+00
1.179528938906752592e+04	0.000000000000000000e+00
1.180593247588424492e+04	0.000000000000000000e+00
1.181657556270096393e+04	1.000000000000000000e+00
1.182721864951768657e+04	0.000000000000000000e+00
1.183786173633440558e+04	0.000000000000000000e+00
1.184850482315112640e+04	0.000000000000000000e+00
1.185914790996784723e+04	0.000000000000000000e+00
1.186979099678456623e+04	0.000000000000000000e+00
1.188043408360128706e+04	1.000000000000000000e+00
1.189107717041800788e+04	0.000000000000000000e+00
1.190172025723472689e+04	0.000000000000000000e+00
1.191236334405144771e+04	0.000000000000000000e+00
1.192300643086816854e+04	0.000000000000000000e+00
1.193364951768488754e+04	0.000000000000000000e+00
1.194429260450160837e+04	0.000000000000000000e+00
1.195493569131832919e+04	0.000000000000000000e+00
1.196557877813504820e+04	0.000000000000000000e+00
1.197622186495176902e+04	0.000000000000000000e+00
1.198686495176848985e+04	0.000000000000000000e+00
1.199750803858520885e+04	0.000000000000000000e+00
1.200815112540193149e+04	0.000000000000000000e+00
1.201879421221865050e+04	0.000000000000000000e+00
1.202943729903536951e+04	0.000000000000000000e+00
1.204008038585209215e+04	0.000000000000000000e+00
1.205072347266881116e+04	0.000000000000000000e+00
1.206136655948553016e+04	0.000000000000000000e+00
1.207200964630225280e+04	0.000000000000000000e+00
1.208265273311897181e+04	0.000000000000000000e+00
1.209329581993569082e+04	0.000000000000000000e+00
1.210393890675241346e+04	0.000000000000000000e+00
1.211458199356913246e+04	0.000000000000000000e+00
1.212522508038585147e+04	0.000000000000000000e+00
1.213586816720257411e+04	0.000000000000000000e+00
1.214651125401929312e+04	0.000000000000000000e+00
1.215715434083601212e+04	0.000000000000000000e+00
1.216779742765273477e+04	0.000000000000000000e+00
1.217844051446945377e+04	1.000000000000000000e+00
1.218908360128617460e+04	0.000000000000000000e+00
1.219972668810289542e+04	1.000000000000000000e+00
1.221036977491961443e+04	0.000000000000000000e+00
1.222101286173633525e+04	1.000000000000000000e+00
1.223165594855305608e+04	0.000000000000000000e+00
1.224229903536977508e+04	0.000000000000000000e+00
1.225294212218649591e+04	0.000000000000000000e+00
1.226358520900321673e+04	1.000000000000000000e+00
1.227422829581993574e+04	0.000000000000000000e+00
1.228487138263665656e+04	0.000000000000000000e+00
1.229551446945337739e+04	0.000000000000000000e+00
1.230615755627009639e+04	0.000000000000000000e+00
1.231680064308681904e+04	0.000000000000000000e+00
1.232744372990353804e+04	0.000000000000000000e+00
1.233808681672025705e+04	0.000000000000000000e+00
1.234872990353697969e+04	0.000000000000000000e+00
1.235937299035369870e+04	0.000000000000000000e+00
1.237001607717041770e+04	0.000000000000000000e+00
1.238065916398714035e+04	0.000000000000000000e+00
1.239130225080385935e+04	0.000000000000000000e+00
1.240194533762057836e+04	0.000000000000000000e+00
1.241258842443730100e+04	0.000000000000000000e+00
1.242323151125402001e+04	0.000000000000000000e+00
1.243387459807073901e+04	0.000000000000000000e+00
1.244451768488746166e+04	0.000000000000000000e+00
1.245516077170418066e+04	0.000000000000000000e+00
1.246580385852089967e+04	0.000000000000000000e+00
1.247644694533762231e+04	0.000000000000000000e+00
1.248709003215434132e+04	0.000000000000000000e+00
1.249773311897106214e+04	0.000000000000000000e+00
1.250837620578778296e+04	0.000000000000000000e+00
1.251901929260450197e+04	0.000000000000000000e+00
1.252966237942122279e+04	0.000000000000000000e+00
1.254030546623794362e+04	1.000000000000000000e+00
1.255094855305466263e+04	0.000000000000000000e+00
1.256159163987138345e+04	0.000000000000000000e+00
1.257223472668810427e+04	0.000000000000000000e+00
1.258287781350482328e+04	0.000000000000000000e+00
1.259352090032154410e+04	0.000000000000000000e+00
1.260416398713826493e+04	0.000000000000000000e+00
1.261480707395498393e+04	0.000000000000000000e+00
1.262545016077170476e+04	0.000000000000000000e+00
1.263609324758842558e+04	0.000000000000000000e+00
1.264673633440514459e+04	0.000000000000000000e+00
1.265737942122186723e+04	0.000000000000000000e+00
1.266802250803858624e+04	0.000000000000000000e+00
1.267866559485530524e+04	0.000000000000000000e+00
1.268930868167202789e+04	0.000000000000000000e+00
1.269995176848874689e+04	0.000000000000000000e+00
1.271059485530546590e+04	0.000000000000000000e+00
1.272123794212218854e+04	0.000000000000000000e+00
1.273188102893890755e+04	0.000000000000000000e+00
1.274252411575562655e+04	1.000000000000000000e+00
1.275316720257234920e+04	0.000000000000000000e+00
1.276381028938906820e+04	0.000000000000000000e+00
1.277445337620578721e+04	0.000000000000000000e+00
1.278509646302250985e+04	0.000000000000000000e+00
1.279573954983922886e+04	1.000000000000000000e+00
1.280638263665594786e+04	0.000000000000000000e+00
1.281702572347267051e+04	1.000000000000000000e+00
1.282766881028938951e+04	0.000000000000000000e+00
1.283831189710611034e+04	0.000000000000000000e+00
1.284895498392283116e+04	0.000000000000000000e+00
1.285959807073955017e+04	2.000000000000000000e+00
1.287024115755627099e+04	0.000000000000000000e+00
1.288088424437299182e+04	1.000000000000000000e+00
1.289152733118971082e+04	0.000000000000000000e+00
1.290217041800643165e+04	0.000000000000000000e+00
1.291281350482315247e+04	0.000000000000000000e+00
1.292345659163987148e+04	0.000000000000000000e+00
1.293409967845659230e+04	0.000000000000000000e+00
1.294474276527331313e+04	0.000000000000000000e+00
1.295538585209003213e+04	0.000000000000000000e+00
1.296602893890675296e+04	0.000000000000000000e+00
1.297667202572347378e+04	0.000000000000000000e+00
1.298731511254019279e+04	0.000000000000000000e+00
1.299795819935691543e+04	0.000000000000000000e+00
1.300860128617363443e+04	0.000000000000000000e+00
1.301924437299035344e+04	0.000000000000000000e+00
1.302988745980707608e+04	0.000000000000000000e+00
1.304053054662379509e+04	0.000000000000000000e+00
1.305117363344051410e+04	0.000000000000000000e+00
1.306181672025723674e+04	0.000000000000000000e+00
1.307245980707395574e+04	0.000000000000000000e+00
1.308310289389067475e+04	0.000000000000000000e+00
1.309374598070739739e+04	0.000000000000000000e+00
1.310438906752411640e+04	1.000000000000000000e+00
1.311503215434083540e+04	0.000000000000000000e+00
1.312567524115755805e+04	0.000000000000000000e+00
1.313631832797427705e+04	0.000000000000000000e+00
1.314696141479099788e+04	0.000000000000000000e+00
1.315760450160771870e+04	0.000000000000000000e+00
1.316824758842443771e+04	0.000000000000000000e+00
1.317889067524115853e+04	0.000000000000000000e+00
1.318953376205787936e+04	0.000000000000000000e+00
1.320017684887459836e+04	0.000000000000000000e+00
1.321081993569131919e+04	0.000000000000000000e+00
1.322146302250804001e+04	0.000000000000000000e+00
1.323210610932475902e+04	0.000000000000000000e+00
1.324274919614147984e+04	0.000000000000000000e+00
1.325339228295820067e+04	0.000000000000000000e+00
1.326403536977491967e+04	0.000000000000000000e+00
1.327467845659164050e+04	0.000000000000000000e+00
1.328532154340836132e+04	0.000000000000000000e+00
1.329596463022508033e+04	0.000000000000000000e+00
1.330660771704180297e+04	0.000000000000000000e+00
1.331725080385852198e+04	0.000000000000000000e+00
1.332789389067524098e+04	0.000000000000000000e+00
1.333853697749196363e+04	0.000000000000000000e+00
1.334918006430868263e+04	0.000000000000000000e+00
1.335982315112540164e+04	0.000000000000000000e+00
1.337046623794212428e+04	0.000000000000000000e+00
1.338110932475884329e+04	0.000000000000000000e+00
1.339175241157556229e+04	0.000000000000000000e+00
1.340239549839228494e+04	0.000000000000000000e+00
1.341303858520900394e+04	0.000000000000000000e+00
1.342368167202572295e+04	0.000000000000000000e+00
1.343432475884244559e+04	0.000000000000000000e+00
1.344496784565916460e+04	0.000000000000000000e+00
1.345561093247588360e+04	0.000000000000000000e+00
1.346625401929260624e+04	0.000000000000000000e+00
1.347689710610932525e+04	1.000000000000000000e+00
1.348754019292604607e+04	0.000000000000000000e+00
1.349818327974276690e+04	0.000000000000000000e+00
1.350882636655948590e+04	0.000000000000000000e+00
1.351946945337620673e+04	0.000000000000000000e+00
1.353011254019292755e+04	0.000000000000000000e+00
1.354075562700964656e+04	0.000000000000000000e+00
1.355139871382636738e+04	0.000000000000000000e+00
1.356204180064308821e+04	0.000000000000000000e+00
1.357268488745980721e+04	0.000000000000000000e+00
1.358332797427652804e+04	0.000000000000000000e+00
1.359397106109324886e+04	0.000000000000000000e+00
1.360461414790996787e+04	0.000000000000000000e+00
1.361525723472668869e+04	1.000000000000000000e+00
1.362590032154340952e+04	0.000000000000000000e+00
1.363654340836012852e+04	0.000000000000000000e+00
1.364718649517685117e+04	0.000000000000000000e+00
1.365782958199357017e+04	0.000000000000000000e+00
1.366847266881028918e+04	0.000000000000000000e+00
1.367911575562701182e+04	0.000000000000000000e+00
1.368975884244373083e+04	0.000000000000000000e+00
1.370040192926044983e+04	0.000000000000000000e+00
1.371104501607717248e+04	0.000000000000000000e+00
1.372168810289389148e+04	0.000000000000000000e+00
1.373233118971061049e+04	0.000000000000000000e+00
1.374297427652733313e+04	0.000000000000000000e+00
1.375361736334405214e+04	0.000000000000000000e+00
1.376426045016077114e+04	0.000000000000000000e+00
1.377490353697749379e+04	0.000000000000000000e+00
1.378554662379421279e+04	0.000000000000000000e+00
1.379618971061093362e+04	0.000000000000000000e+00
1.380683279742765444e+04	0.000000000000000000e+00
1.381747588424437345e+04	0.000000000000000000e+00
1.382811897106109427e+04	0.000000000000000000e+00
1.383876205787781510e+04	0.000000000000000000e+00
1.384940514469453410e+04	0.000000000000000000e+00
1.386004823151125493e+04	0.000000000000000000e+00
1.387069131832797575e+04	0.000000000000000000e+00
1.388133440514469476e+04	1.000000000000000000e+00
1.389197749196141558e+04	0.000000000000000000e+00
1.390262057877813641e+04	0.000000000000000000e+00
1.391326366559485541e+04	0.000000000000000000e+00
1.392390675241157624e+04	0.000000000000000000e+00
1.393454983922829706e+04	0.000000000000000000e+00
1.394519292604501607e+04	0.000000000000000000e+00
1.395583601286173871e+04	1.000000000000000000e+00
1.396647909967845771e+04	0.000000000000000000e+00
1.397712218649517672e+04	0.000000000000000000e+00
1.398776527331189936e+04	0.000000000000000000e+00
1.399840836012861837e+04	0.000000000000000000e+00
1.400905144694533737e+04	0.000000000000000000e+00
1.401969453376206002e+04	0.000000000000000000e+00
1.403033762057877902e+04	0.000000000000000000e+00
1.404098070739549803e+04	0.000000000000000000e+00
1.405162379421222067e+04	0.000000000000000000e+00
1.406226688102893968e+04	0.000000000000000000e+00
1.407290996784565868e+04	0.000000000000000000e+00
1.408355305466238133e+04	0.000000000000000000e+00
1.409419614147910033e+04	0.000000000000000000e+00
1.410483922829581934e+04	0.000000000000000000e+00
1.411548231511254198e+04	1.000000000000000000e+00
1.412612540192926099e+04	0.000000000000000000e+00
1.413676848874598181e+04	0.000000000000000000e+00
1.414741157556270264e+04	0.000000000000000000e+00
1.415805466237942164e+04	0.000000000000000000e+00
1.416869774919614247e+04	0.000000000000000000e+00
1.417934083601286329e+04	0.000000000000000000e+00
1.418998392282958230e+04	0.000000000000000000e+00
1.420062700964630312e+04	0.000000000000000000e+00
1.421127009646302395e+04	0.000000000000000000e+00
1.422191318327974295e+04	0.000000000000000000e+00
1.423255627009646378e+04	0.000000000000000000e+00
1.424319935691318460e+04	0.000000000000000000e+00
1.425384244372990361e+04	0.000000000000000000e+00
1.426448553054662443e+04	0.000000000000000000e+00
1.427512861736334526e+04	0.000000000000000000e+00
1.428577170418006426e+04	0.000000000000000000e+00
1.429641479099678691e+04	0.000000000000000000e+00
1.430705787781350591e+04	0.000000000000000000e+00
1.431770096463022492e+04	0.000000000000000000e+00
1.432834405144694756e+04	0.000000000000000000e+00
1.433898713826366657e+04	0.000000000000000000e+00
1.434963022508038557e+04	0.000000000000000000e+00
1.436027331189710821e+04	0.000000000000000000e+00
1.437091639871382722e+04	0.000000000000000000e+00
1.438155948553054623e+04	1.000000000000000000e+00
1.439220257234726887e+04	0.000000000000000000e+00
1.440284565916398788e+04	0.000000000000000000e+00
1.441348874598070688e+04	0.000000000000000000e+00
1.442413183279742952e+04	0.000000000000000000e+00
1.443477491961414853e+04	0.000000000000000000e+00
1.444541800643086935e+04	0.000000000000000000e+00
1.445606109324759018e+04	0.000000000000000000e+00
1.446670418006430918e+04	0.000000000000000000e+00
1.447734726688103001e+04	0.000000000000000000e+00
1.448799035369775083e+04	0.000000000000000000e+00
1.449863344051446984e+04	0.000000000000000000e+00
1.450927652733119066e+04	0.000000000000000000e+00
1.451991961414791149e+04	0.000000000000000000e+00
1.453056270096463049e+04	0.000000000000000000e+00
1.454120578778135132e+04	0.000000000000000000e+00
1.455184887459807214e+04	0.000000000000000000e+00
1.456249196141479115e+04	0.000000000000000000e+00
1.457313504823151197e+04	0.000000000000000000e+00
1.458377813504823280e+04	1.000000000000000000e+00
1.459442122186495180e+04	0.000000000000000000e+00
1.460506430868167445e+04	0.000000000000000000e+00
1.461570739549839345e+04	0.000000000000000000e+00
1.462635048231511246e+04	0.000000000000000000e+00
1.463699356913183510e+04	0.000000000000000000e+00
1.464763665594855411e+04	0.000000000000000000e+00
1.465827974276527311e+04	0.000000000000000000e+00
1.466892282958199576e+04	0.000000000000000000e+00
1.467956591639871476e+04	0.000000000000000000e+00
1.469020900321543377e+04	0.000000000000000000e+00
1.470085209003215641e+04	0.000000000000000000e+00
1.471149517684887542e+04	0.000000000000000000e+00
1.472213826366559442e+04	0.000000000000000000e+00
1.473278135048231707e+04	0.000000000000000000e+00
1.474342443729903607e+04	0.000000000000000000e+00
1.475406752411575508e+04	0.000000000000000000e+00
1.476471061093247772e+04	0.000000000000000000e+00
1.477535369774919673e+04	0.000000000000000000e+00
1.478599678456591755e+04	0.000000000000000000e+00
1.479663987138263838e+04	0.000000000000000000e+00
1.480728295819935738e+04	0.000000000000000000e+00
1.481792604501607821e+04	0.000000000000000000e+00
1.482856913183279903e+04	0.000000000000000000e+00
1.483921221864951804e+04	1.000000000000000000e+00
1.484985530546623886e+04	0.000000000000000000e+00
1.486049839228295968e+04	0.000000000000000000e+00
1.487114147909967869e+04	0.000000000000000000e+00
1.488178456591639952e+04	0.000000000000000000e+00
1.489242765273312034e+04	0.000000000000000000e+00
1.490307073954983935e+04	0.000000000000000000e+00
1.491371382636656017e+04	0.000000000000000000e+00
1.492435691318328099e+04	0.000000000000000000e+00
1.493500000000000000e+04	0.000000000000000000e+00
1.494564308681672264e+04	0.000000000000000000e+00
1.495628617363344165e+04	0.000000000000000000e+00
1.496692926045016065e+04	0.000000000000000000e+00
1.497757234726688330e+04	0.000000000000000000e+00
1.498821543408360230e+04	0.000000000000000000e+00
1.499885852090032131e+04	0.000000000000000000e+00
1.500950160771704395e+04	0.000000000000000000e+00
1.502014469453376296e+04	0.000000000000000000e+00
1.503078778135048196e+04	0.000000000000000000e+00
1.504143086816720461e+04	0.000000000000000000e+00
1.505207395498392361e+04	0.000000000000000000e+00
1.506271704180064262e+04	0.000000000000000000e+00
1.507336012861736526e+04	0.000000000000000000e+00
1.508400321543408427e+04	0.000000000000000000e+00
1.509464630225080509e+04	0.000000000000000000e+00
1.510528938906752592e+04	0.000000000000000000e+00
1.511593247588424492e+04	0.000000000000000000e+00
1.512657556270096575e+04	0.000000000000000000e+00
1.513721864951768657e+04	0.000000000000000000e+00
1.514786173633440558e+04	0.000000000000000000e+00
1.515850482315112640e+04	0.000000000000000000e+00
1.516914790996784723e+04	0.000000000000000000e+00
1.517979099678456623e+04	0.000000000000000000e+00
1.519043408360128706e+04	0.000000000000000000e+00
1.520107717041800788e+04	0.000000000000000000e+00
1.521172025723472689e+04	0.000000000000000000e+00
1.522236334405144771e+04	0.000000000000000000e+00
1.523300643086816854e+04	0.000000000000000000e+00
1.524364951768488754e+04	0.000000000000000000e+00
1.525429260450161019e+04	0.000000000000000000e+00
1.526493569131832919e+04	0.000000000000000000e+00
1.527557877813504820e+04	0.000000000000000000e+00
1.528622186495177084e+04	0.000000000000000000e+00
1.529686495176848985e+04	0.000000000000000000e+00
1.530750803858520885e+04	0.000000000000000000e+00
1.531815112540193149e+04	0.000000000000000000e+00
1.532879421221865050e+04	0.000000000000000000e+00
1.533943729903536951e+04	1.000000000000000000e+00
1.535008038585209215e+04	0.000000000000000000e+00
1.536072347266881116e+04	0.000000000000000000e+00
1.537136655948553016e+04	0.000000000000000000e+00
1.538200964630225280e+04	0.000000000000000000e+00
1.539265273311897181e+04	0.000000000000000000e+00
1.540329581993569082e+04	0.000000000000000000e+00
1.541393890675241346e+04	0.000000000000000000e+00
1.542458199356913246e+04	0.000000000000000000e+00
1.543522508038585329e+04	0.000000000000000000e+00
1.544586816720257411e+04	0.000000000000000000e+00
1.545651125401929312e+04	0.000000000000000000e+00
1.546715434083601394e+04	0.000000000000000000e+00
1.547779742765273477e+04	0.000000000000000000e+00
1.548844051446945377e+04	0.000000000000000000e+00
1.549908360128617460e+04	0.000000000000000000e+00
1.550972668810289542e+04	0.000000000000000000e+00
1.552036977491961443e+04	0.000000000000000000e+00
1.553101286173633525e+04	0.000000000000000000e+00
1.554165594855305608e+04	0.000000000000000000e+00
1.555229903536977508e+04	0.000000000000000000e+00
1.556294212218649591e+04	0.000000000000000000e+00
1.557358520900321673e+04	0.000000000000000000e+00
1.558422829581993574e+04	1.000000000000000000e+00
1.559487138263665838e+04	0.000000000000000000e+00
1.560551446945337739e+04	0.000000000000000000e+00
1.561615755627009639e+04	0.000000000000000000e+00
1.562680064308681904e+04	0.000000000000000000e+00
1.563744372990353804e+04	0.000000000000000000e+00
1.564808681672025705e+04	0.000000000000000000e+00
1.565872990353697969e+04	0.000000000000000000e+00
1.566937299035369870e+04	0.000000000000000000e+00
1.568001607717041770e+04	0.000000000000000000e+00
1.569065916398714035e+04	0.000000000000000000e+00
1.570130225080385935e+04	0.000000000000000000e+00
1.571194533762057836e+04	0.000000000000000000e+00
1.572258842443730100e+04	0.000000000000000000e+00
1.573323151125402001e+04	0.000000000000000000e+00
1.574387459807074083e+04	0.000000000000000000e+00
1.575451768488746166e+04	0.000000000000000000e+00
1.576516077170418066e+04	0.000000000000000000e+00
1.577580385852090149e+04	0.000000000000000000e+00
1.578644694533762231e+04	0.000000000000000000e+00
1.579709003215434132e+04	0.000000000000000000e+00
1.580773311897106214e+04	0.000000000000000000e+00
1.581837620578778296e+04	0.000000000000000000e+00
1.582901929260450197e+04	0.000000000000000000e+00
1.583966237942122279e+04	0.000000000000000000e+00
1.585030546623794362e+04	0.000000000000000000e+00
1.586094855305466263e+04	0.000000000000000000e+00
1.587159163987138345e+04	0.000000000000000000e+00
1.588223472668810427e+04	0.000000000000000000e+00
1.589287781350482328e+04	0.000000000000000000e+00
1.590352090032154592e+04	0.000000000000000000e+00
1.591416398713826493e+04	0.000000000000000000e+00
1.592480707395498393e+04	0.000000000000000000e+00
1.593545016077170658e+04	0.000000000000000000e+00
1.594609324758842558e+04	0.000000000000000000e+00
1.595673633440514459e+04	0.000000000000000000e+00
1.596737942122186723e+04	0.000000000000000000e+00
1.597802250803858624e+04	0.000000000000000000e+00
1.598866559485530524e+04	0.000000000000000000e+00
1.599930868167202789e+04	0.000000000000000000e+00
1.600995176848874689e+04	0.000000000000000000e+00
1.602059485530546590e+04	0.000000000000000000e+00
1.603123794212218854e+04	0.000000000000000000e+00
1.604188102893890755e+04	0.000000000000000000e+00
1.605252411575562655e+04	0.000000000000000000e+00
1.606316720257234920e+04	0.000000000000000000e+00
1.607381028938906820e+04	0.000000000000000000e+00
1.608445337620578903e+04	0.000000000000000000e+00
1.609509646302250985e+04	0.000000000000000000e+00
1.610573954983922886e+04	0.000000000000000000e+00
1.611638263665594968e+04	0.000000000000000000e+00
1.612702572347267051e+04	0.000000000000000000e+00
1.613766881028938951e+04	0.000000000000000000e+00
1.614831189710611034e+04	0.000000000000000000e+00
1.615895498392283116e+04	0.000000000000000000e+00
1.616959807073955017e+04	0.000000000000000000e+00
1.618024115755627099e+04	2.000000000000000000e+00
1.619088424437299182e+04	0.000000000000000000e+00
1.620152733118971082e+04	0.000000000000000000e+00
1.621217041800643165e+04	0.000000000000000000e+00
1.622281350482315247e+04	0.000000000000000000e+00
1.623345659163987148e+04	0.000000000000000000e+00
1.624409967845659412e+04	0.000000000000000000e+00
1.625474276527331313e+04	0.000000000000000000e+00
1.626538585209003213e+04	0.000000000000000000e+00
1.627602893890675477e+04	0.000000000000000000e+00
1.628667202572347378e+04	0.000000000000000000e+00
1.629731511254019279e+04	0.000000000000000000e+00
1.630795819935691543e+04	0.000000000000000000e+00
1.631860128617363443e+04	0.000000000000000000e+00
1.632924437299035344e+04	0.000000000000000000e+00
1.633988745980707608e+04	0.000000000000000000e+00
1.635053054662379509e+04	0.000000000000000000e+00
1.636117363344051410e+04	0.000000000000000000e+00
1.637181672025723674e+04	0.000000000000000000e+00
1.638245980707395574e+04	0.000000000000000000e+00
1.639310289389067475e+04	0.000000000000000000e+00
1.640374598070739739e+04	0.000000000000000000e+00
1.641438906752412004e+04	0.000000000000000000e+00
1.642503215434083540e+04	0.000000000000000000e+00
1.643567524115755805e+04	0.000000000000000000e+00
1.644631832797427705e+04	0.000000000000000000e+00
1.645696141479099606e+04	1.000000000000000000e+00
1.646760450160771870e+04	0.000000000000000000e+00
1.647824758842444135e+04	0.000000000000000000e+00
1.648889067524115671e+04	0.000000000000000000e+00
1.649953376205787936e+04	0.000000000000000000e+00
1.651017684887460200e+04	0.000000000000000000e+00
1.652081993569131737e+04	0.000000000000000000e+00
1.653146302250804001e+04	0.000000000000000000e+00
1.654210610932476266e+04	0.000000000000000000e+00
1.655274919614147802e+04	0.000000000000000000e+00
1.656339228295820067e+04	0.000000000000000000e+00
1.657403536977492331e+04	0.000000000000000000e+00
1.658467845659163868e+04	1.000000000000000000e+00
1.659532154340836132e+04	0.000000000000000000e+00
1.660596463022508397e+04	0.000000000000000000e+00
1.661660771704179933e+04	0.000000000000000000e+00
1.662725080385852198e+04	0.000000000000000000e+00
1.663789389067524462e+04	0.000000000000000000e+00
1.664853697749195999e+04	0.000000000000000000e+00
1.665918006430868263e+04	0.000000000000000000e+00
1.666982315112540527e+04	0.000000000000000000e+00
1.668046623794212064e+04	0.000000000000000000e+00
1.669110932475884329e+04	0.000000000000000000e+00
1.670175241157556593e+04	0.000000000000000000e+00
1.671239549839228130e+04	0.000000000000000000e+00
1.672303858520900394e+04	0.000000000000000000e+00
1.673368167202572658e+04	0.000000000000000000e+00
1.674432475884244195e+04	0.000000000000000000e+00
1.675496784565916460e+04	0.000000000000000000e+00
1.676561093247588724e+04	0.000000000000000000e+00
1.677625401929260261e+04	0.000000000000000000e+00
1.678689710610932525e+04	0.000000000000000000e+00
1.679754019292604789e+04	0.000000000000000000e+00
1.680818327974276690e+04	0.000000000000000000e+00
1.681882636655948590e+04	0.000000000000000000e+00
1.682946945337620855e+04	0.000000000000000000e+00
1.684011254019292755e+04	0.000000000000000000e+00
1.685075562700964656e+04	0.000000000000000000e+00
1.686139871382636920e+04	1.000000000000000000e+00
1.687204180064308821e+04	0.000000000000000000e+00
1.688268488745980721e+04	0.000000000000000000e+00
1.689332797427652986e+04	0.000000000000000000e+00
1.690397106109324886e+04	0.000000000000000000e+00
1.691461414790996787e+04	0.000000000000000000e+00
1.692525723472669051e+04	0.000000000000000000e+00
1.693590032154340952e+04	0.000000000000000000e+00
1.694654340836012852e+04	0.000000000000000000e+00
1.695718649517685117e+04	0.000000000000000000e+00
1.696782958199357017e+04	0.000000000000000000e+00
1.697847266881028918e+04	0.000000000000000000e+00
1.698911575562701182e+04	0.000000000000000000e+00
1.699975884244373083e+04	0.000000000000000000e+00
1.701040192926044983e+04	0.000000000000000000e+00
1.702104501607717248e+04	1.000000000000000000e+00
1.703168810289389148e+04	0.000000000000000000e+00
1.704233118971061049e+04	2.000000000000000000e+00
1.705297427652733313e+04	0.000000000000000000e+00
1.706361736334405214e+04	0.000000000000000000e+00
1.707426045016077114e+04	0.000000000000000000e+00
1.708490353697749379e+04	0.000000000000000000e+00
1.709554662379421279e+04	0.000000000000000000e+00
1.710618971061093180e+04	0.000000000000000000e+00
1.711683279742765444e+04	0.000000000000000000e+00
1.712747588424437708e+04	0.000000000000000000e+00
1.713811897106109245e+04	0.000000000000000000e+00
1.714876205787781510e+04	0.000000000000000000e+00
1.715940514469453774e+04	0.000000000000000000e+00
1.717004823151125311e+04	0.000000000000000000e+00
1.718069131832797575e+04	0.000000000000000000e+00
1.719133440514469839e+04	0.000000000000000000e+00
1.720197749196141376e+04	0.000000000000000000e+00
1.721262057877813641e+04	0.000000000000000000e+00
1.722326366559485905e+04	0.000000000000000000e+00
1.723390675241157442e+04	0.000000000000000000e+00
1.724454983922829706e+04	0.000000000000000000e+00
1.725519292604501970e+04	0.000000000000000000e+00
1.726583601286173507e+04	0.000000000000000000e+00
1.727647909967845771e+04	0.000000000000000000e+00
1.728712218649518036e+04	0.000000000000000000e+00
1.729776527331189573e+04	0.000000000000000000e+00
1.730840836012861837e+04	0.000000000000000000e+00
1.731905144694534101e+04	0.000000000000000000e+00
1.732969453376205638e+04	0.000000000000000000e+00
1.734033762057877902e+04	0.000000000000000000e+00
1.735098070739550167e+04	0.000000000000000000e+00
1.736162379421221704e+04	1.000000000000000000e+00
1.737226688102893968e+04	0.000000000000000000e+00
1.738290996784566232e+04	0.000000000000000000e+00
1.739355305466237769e+04	0.000000000000000000e+00
1.740419614147910033e+04	0.000000000000000000e+00
1.741483922829582298e+04	0.000000000000000000e+00
1.742548231511253834e+04	0.000000000000000000e+00
1.743612540192926099e+04	0.000000000000000000e+00
1.744676848874598363e+04	0.000000000000000000e+00
1.745741157556270264e+04	0.000000000000000000e+00
1.746805466237942164e+04	0.000000000000000000e+00
1.747869774919614429e+04	0.000000000000000000e+00
1.748934083601286329e+04	0.000000000000000000e+00
1.749998392282958230e+04	1.000000000000000000e+00
1.751062700964630494e+04	0.000000000000000000e+00
1.752127009646302395e+04	0.000000000000000000e+00
1.753191318327974295e+04	0.000000000000000000e+00
1.754255627009646560e+04	0.000000000000000000e+00
1.755319935691318460e+04	0.000000000000000000e+00
1.756384244372990361e+04	0.000000000000000000e+00
1.757448553054662625e+04	0.000000000000000000e+00
1.758512861736334526e+04	0.000000000000000000e+00
1.759577170418006426e+04	0.000000000000000000e+00
1.760641479099678691e+04	0.000000000000000000e+00
1.761705787781350591e+04	0.000000000000000000e+00
1.762770096463022492e+04	0.000000000000000000e+00
1.763834405144694756e+04	0.000000000000000000e+00
1.764898713826366657e+04	0.000000000000000000e+00
1.765963022508038557e+04	0.000000000000000000e+00
1.767027331189710821e+04	0.000000000000000000e+00
1.768091639871382722e+04	0.000000000000000000e+00
1.769155948553054623e+04	0.000000000000000000e+00
1.770220257234726887e+04	0.000000000000000000e+00
1.771284565916398788e+04	0.000000000000000000e+00
1.772348874598070688e+04	0.000000000000000000e+00
1.773413183279742952e+04	0.000000000000000000e+00
1.774477491961414853e+04	0.000000000000000000e+00
1.775541800643086754e+04	0.000000000000000000e+00
1.776606109324759018e+04	0.000000000000000000e+00
1.777670418006431282e+04	0.000000000000000000e+00
1.778734726688102819e+04	0.000000000000000000e+00
1.779799035369775083e+04	0.000000000000000000e+00
1.780863344051447348e+04	0.000000000000000000e+00
1.781927652733118884e+04	0.000000000000000000e+00
1.782991961414791149e+04	0.000000000000000000e+00
1.784056270096463413e+04	0.000000000000000000e+00
1.785120578778134950e+04	0.000000000000000000e+00
1.786184887459807214e+04	0.000000000000000000e+00
1.787249196141479479e+04	0.000000000000000000e+00
1.788313504823151015e+04	0.000000000000000000e+00
1.789377813504823280e+04	0.000000000000000000e+00
1.790442122186495544e+04	0.000000000000000000e+00
1.791506430868167081e+04	0.000000000000000000e+00
1.792570739549839345e+04	0.000000000000000000e+00
1.793635048231511610e+04	0.000000000000000000e+00
1.794699356913183146e+04	0.000000000000000000e+00
1.795763665594855411e+04	0.000000000000000000e+00
1.796827974276527675e+04	0.000000000000000000e+00
1.797892282958199212e+04	0.000000000000000000e+00
1.798956591639871476e+04	0.000000000000000000e+00
1.800020900321543741e+04	0.000000000000000000e+00
1.801085209003215277e+04	0.000000000000000000e+00
1.802149517684887542e+04	0.000000000000000000e+00
1.803213826366559806e+04	0.000000000000000000e+00
1.804278135048231343e+04	1.000000000000000000e+00
1.805342443729903607e+04	0.000000000000000000e+00
1.806406752411575872e+04	0.000000000000000000e+00
1.807471061093247408e+04	0.000000000000000000e+00
1.808535369774919673e+04	0.000000000000000000e+00
1.809599678456591937e+04	0.000000000000000000e+00
1.810663987138263838e+04	0.000000000000000000e+00
1.811728295819935738e+04	0.000000000000000000e+00
1.812792604501608002e+04	0.000000000000000000e+00
1.813856913183279903e+04	0.000000000000000000e+00
1.814921221864951804e+04	0.000000000000000000e+00
1.815985530546624068e+04	0.000000000000000000e+00
1.817049839228295968e+04	0.000000000000000000e+00
1.818114147909967869e+04	0.000000000000000000e+00
1.819178456591640133e+04	0.000000000000000000e+00
1.820242765273312034e+04	0.000000000000000000e+00
1.821307073954983935e+04	0.000000000000000000e+00
1.822371382636656199e+04	0.000000000000000000e+00
1.823435691318328099e+04	0.000000000000000000e+00
1.824500000000000000e+04	0.000000000000000000e+00
1.825564308681672264e+04	0.000000000000000000e+00
1.826628617363344165e+04	0.000000000000000000e+00
1.827692926045016065e+04	0.000000000000000000e+00
1.828757234726688330e+04	0.000000000000000000e+00
1.829821543408360230e+04	0.000000000000000000e+00
1.830885852090032131e+04	0.000000000000000000e+00
1.831950160771704395e+04	0.000000000000000000e+00
1.833014469453376296e+04	0.000000000000000000e+00
1.834078778135048196e+04	1.000000000000000000e+00
1.835143086816720461e+04	0.000000000000000000e+00
1.836207395498392361e+04	0.000000000000000000e+00
1.837271704180064262e+04	0.000000000000000000e+00
1.838336012861736526e+04	0.000000000000000000e+00
1.839400321543408427e+04	0.000000000000000000e+00
1.840464630225080327e+04	0.000000000000000000e+00
1.841528938906752592e+04	0.000000000000000000e+00
1.842593247588424492e+04	0.000000000000000000e+00
1.843657556270096393e+04	1.000000000000000000e+00
1.844721864951768657e+04	0.000000000000000000e+00
1.845786173633440922e+04	0.000000000000000000e+00
1.846850482315112458e+04	0.000000000000000000e+00
1.847914790996784723e+04	0.000000000000000000e+00
1.848979099678456987e+04	0.000000000000000000e+00
1.850043408360128524e+04	0.000000000000000000e+00
1.851107717041800788e+04	0.000000000000000000e+00
1.852172025723473052e+04	0.000000000000000000e+00
1.853236334405144589e+04	0.000000000000000000e+00
1.854300643086816854e+04	1.000000000000000000e+00
1.855364951768489118e+04	0.000000000000000000e+00
1.856429260450160655e+04	0.000000000000000000e+00
1.857493569131832919e+04	0.000000000000000000e+00
1.858557877813505183e+04	0.000000000000000000e+00
1.859622186495176720e+04	0.000000000000000000e+00
1.860686495176848985e+04	0.000000000000000000e+00
1.861750803858521249e+04	0.000000000000000000e+00
1.862815112540192786e+04	0.000000000000000000e+00
1.863879421221865050e+04	1.000000000000000000e+00
1.864943729903537314e+04	0.000000000000000000e+00
1.866008038585208851e+04	0.000000000000000000e+00
1.867072347266881116e+04	0.000000000000000000e+00
1.868136655948553380e+04	0.000000000000000000e+00
1.869200964630224917e+04	0.000000000000000000e+00
1.870265273311897181e+04	0.000000000000000000e+00
1.871329581993569445e+04	0.000000000000000000e+00
1.872393890675240982e+04	0.000000000000000000e+00
1.873458199356913246e+04	0.000000000000000000e+00
1.874522508038585511e+04	0.000000000000000000e+00
1.875586816720257411e+04	0.000000000000000000e+00
1.876651125401929312e+04	0.000000000000000000e+00
1.877715434083601576e+04	0.000000000000000000e+00
1.878779742765273477e+04	0.000000000000000000e+00
1.879844051446945377e+04	0.000000000000000000e+00
1.880908360128617642e+04	0.000000000000000000e+00
1.881972668810289542e+04	0.000000000000000000e+00
1.883036977491961443e+04	0.000000000000000000e+00
1.884101286173633707e+04	1.000000000000000000e+00
1.885165594855305608e+04	0.000000000000000000e+00
1.886229903536977508e+04	0.000000000000000000e+00
1.887294212218649773e+04	0.000000000000000000e+00
1.888358520900321673e+04	1.000000000000000000e+00
1.889422829581993574e+04	0.000000000000000000e+00
1.890487138263665838e+04	0.000000000000000000e+00
1.891551446945337739e+04	0.000000000000000000e+00
1.892615755627009639e+04	0.000000000000000000e+00
1.893680064308681904e+04	0.000000000000000000e+00
1.894744372990353804e+04	0.000000000000000000e+00
1.895808681672025705e+04	0.000000000000000000e+00
1.896872990353697969e+04	0.000000000000000000e+00
1.897937299035369870e+04	0.000000000000000000e+00
1.899001607717041770e+04	0.000000000000000000e+00
1.900065916398714035e+04	0.000000000000000000e+00
1.901130225080385935e+04	0.000000000000000000e+00
1.902194533762057836e+04	0.000000000000000000e+00
1.903258842443730100e+04	0.000000000000000000e+00
1.904323151125402001e+04	0.000000000000000000e+00
1.905387459807073901e+04	0.000000000000000000e+00
1.906451768488746166e+04	0.000000000000000000e+00
1.907516077170418066e+04	0.000000000000000000e+00
1.908580385852089967e+04	0.000000000000000000e+00
1.909644694533762231e+04	0.000000000000000000e+00
1.910709003215434495e+04	0.000000000000000000e+00
1.911773311897106032e+04	0.000000000000000000e+00
1.912837620578778296e+04	0.000000000000000000e+00
1.913901929260450561e+04	0.000000000000000000e+00
1.914966237942122098e+04	0.000000000000000000e+00
1.916030546623794362e+04	0.000000000000000000e+00
1.917094855305466626e+04	0.000000000000000000e+00
1.918159163987138163e+04	0.000000000000000000e+00
1.919223472668810427e+04	0.000000000000000000e+00
1.920287781350482692e+04	0.000000000000000000e+00
1.921352090032154229e+04	0.000000000000000000e+00
1.922416398713826493e+04	0.000000000000000000e+00
1.923480707395498757e+04	0.000000000000000000e+00
1.924545016077170294e+04	0.000000000000000000e+00
1.925609324758842558e+04	0.000000000000000000e+00
1.926673633440514823e+04	0.000000000000000000e+00
1.927737942122186359e+04	0.000000000000000000e+00
1.928802250803858624e+04	0.000000000000000000e+00
1.929866559485530888e+04	0.000000000000000000e+00
1.930930868167202425e+04	0.000000000000000000e+00
1.931995176848874689e+04	0.000000000000000000e+00
1.933059485530546954e+04	0.000000000000000000e+00
1.934123794212218490e+04	0.000000000000000000e+00
1.935188102893890755e+04	0.000000000000000000e+00
1.936252411575563019e+04	0.000000000000000000e+00
1.937316720257234556e+04	0.000000000000000000e+00
1.938381028938906820e+04	0.000000000000000000e+00
1.939445337620579085e+04	0.000000000000000000e+00
1.940509646302250985e+04	0.000000000000000000e+00
1.941573954983922886e+04	0.000000000000000000e+00
1.942638263665595150e+04	0.000000000000000000e+00
1.943702572347267051e+04	0.000000000000000000e+00
1.944766881028938951e+04	0.000000000000000000e+00
1.945831189710611216e+04	0.000000000000000000e+00
1.946895498392283116e+04	0.000000000000000000e+00
1.947959807073955017e+04	0.000000000000000000e+00
1.949024115755627281e+04	0.000000000000000000e+00
1.950088424437299182e+04	0.000000000000000000e+00
1.951152733118971082e+04	0.000000000000000000e+00
1.952217041800643347e+04	0.000000000000000000e+00
1.953281350482315247e+04	0.000000000000000000e+00
1.954345659163987148e+04	0.000000000000000000e+00
1.955409967845659412e+04	0.000000000000000000e+00
1.956474276527331313e+04	0.000000000000000000e+00
1.957538585209003213e+04	0.000000000000000000e+00
1.958602893890675477e+04	0.000000000000000000e+00
1.959667202572347378e+04	1.000000000000000000e+00
1.960731511254019279e+04	0.000000000000000000e+00
1.961795819935691543e+04	0.000000000000000000e+00
1.962860128617363443e+04	0.000000000000000000e+00
1.963924437299035344e+04	0.000000000000000000e+00
1.964988745980707608e+04	0.000000000000000000e+00
1.966053054662379509e+04	0.000000000000000000e+00
1.967117363344051410e+04	0.000000000000000000e+00
1.968181672025723674e+04	0.000000000000000000e+00
1.969245980707395574e+04	0.000000000000000000e+00
1.970310289389067475e+04	0.000000000000000000e+00
1.971374598070739739e+04	0.000000000000000000e+00
1.972438906752411640e+04	0.000000000000000000e+00
1.973503215434083540e+04	0.000000000000000000e+00
1.974567524115755805e+04	0.000000000000000000e+00
1.975631832797428069e+04	0.000000000000000000e+00
1.976696141479099606e+04	0.000000000000000000e+00
1.977760450160771870e+04	0.000000000000000000e+00
1.978824758842444135e+04	0.000000000000000000e+00
1.979889067524115671e+04	0.000000000000000000e+00
1.980953376205787936e+04	0.000000000000000000e+00
1.982017684887460200e+04	0.000000000000000000e+00
1.983081993569131737e+04	0.000000000000000000e+00
1.984146302250804001e+04	1.000000000000000000e+00
1.985210610932476266e+04	0.000000000000000000e+00
1.986274919614147802e+04	0.000000000000000000e+00
1.987339228295820067e+04	0.000000000000000000e+00
1.988403536977492331e+04	0.000000000000000000e+00
1.989467845659163868e+04	1.000000000000000000e+00
