Variable Name: _
Variable Type: ndarray
Variable Value: [[inf, inf, inf], [inf, inf, inf], [inf, inf, inf]]

Variable Name: bins_650_1
Variable Type: ndarray
Variable Value: [277, 79, 80, 46, 45, 62, 39, 41, 35, 33, 27, 25, 16, 13, 19, 13, 12, 6, 15, 8, 4, 7, 7, 3, 6, 8, 11, 18, 7, 2, 9, 9, 1, 9, 3, 3, 2, 2, 2, 1, 0, 1, 3, 0, 3, 2, 0, 0, 1, 2, 2, 1, 4, 0, 0, 4, 2, 1, 2, 1]

Variable Name: edges_650_1
Variable Type: ndarray
Variable Value: [40.0, 370.6666666666667, 701.3333333333334, 1032.0, 1362.6666666666667, 1693.3333333333335, 2024.0, 2354.666666666667, 2685.3333333333335, 3016.0, 3346.666666666667, 3677.3333333333335, 4008.0, 4338.666666666667, 4669.333333333334, 5000.0, 5330.666666666667, 5661.333333333334, 5992.0, 6322.666666666667, 6653.333333333334, 6984.0, 7314.666666666667, 7645.333333333334, 7976.0, 8306.666666666668, 8637.333333333334, 8968.0, 9298.666666666668, 9629.333333333334, 9960.0, 10290.666666666668, 10621.333333333334, 10952.0, 11282.666666666668, 11613.333333333334, 11944.0, 12274.666666666668, 12605.333333333334, 12936.0, 13266.666666666668, 13597.333333333334, 13928.0, 14258.666666666668, 14589.333333333334, 14920.0, 15250.666666666668, 15581.333333333334, 15912.0, 16242.666666666668, 16573.333333333336, 16904.0, 17234.666666666668, 17565.333333333336, 17896.0, 18226.666666666668, 18557.333333333336, 18888.0, 19218.666666666668, 19549.333333333336, 19880.0]

Variable Name: bins_650_2
Variable Type: ndarray
Variable Value: [111, 48, 63, 59, 41, 29, 33, 22, 21, 27, 19, 18, 14, 15, 11, 3, 8, 3, 8, 3, 3, 1, 4, 2, 1, 1, 2, 3, 1, 2, 2, 1, 2, 1, 2, 0, 1, 1, 0, 0, 0, 0, 1, 1, 1, 1, 0, 1, 2, 1, 0, 2, 0, 0, 1, 3, 2, 1, 0, 3]

Variable Name: edges_650_2
Variable Type: ndarray
Variable Value: [40.0, 367.6666666666667, 695.3333333333334, 1023.0, 1350.6666666666667, 1678.3333333333335, 2006.0, 2333.666666666667, 2661.3333333333335, 2989.0, 3316.666666666667, 3644.3333333333335, 3972.0, 4299.666666666667, 4627.333333333334, 4955.0, 5282.666666666667, 5610.333333333334, 5938.0, 6265.666666666667, 6593.333333333334, 6921.0, 7248.666666666667, 7576.333333333334, 7904.0, 8231.666666666668, 8559.333333333334, 8887.0, 9214.666666666668, 9542.333333333334, 9870.0, 10197.666666666668, 10525.333333333334, 10853.0, 11180.666666666668, 11508.333333333334, 11836.0, 12163.666666666668, 12491.333333333334, 12819.0, 13146.666666666668, 13474.333333333334, 13802.0, 14129.666666666668, 14457.333333333334, 14785.0, 15112.666666666668, 15440.333333333334, 15768.0, 16095.666666666668, 16423.333333333336, 16751.0, 17078.666666666668, 17406.333333333336, 17734.0, 18061.666666666668, 18389.333333333336, 18717.0, 19044.666666666668, 19372.333333333336, 19700.0]

Variable Name: bins_650_3
Variable Type: ndarray
Variable Value: [83, 43, 41, 34, 10, 21, 30, 21, 11, 11, 10, 10, 5, 6, 9, 10, 5, 7, 2, 2, 1, 2, 3, 2, 1, 3, 1, 1, 0, 1, 1, 0, 1, 0, 4, 0, 0, 2, 1, 0, 0, 1, 1, 0, 0, 0, 2, 0, 0, 0, 1, 1, 0, 0, 0, 0, 0, 2, 0, 2]

Variable Name: edges_650_3
Variable Type: ndarray
Variable Value: [40.0, 370.3333333333333, 700.6666666666666, 1031.0, 1361.3333333333333, 1691.6666666666665, 2022.0, 2352.333333333333, 2682.6666666666665, 3013.0, 3343.333333333333, 3673.6666666666665, 4004.0, 4334.333333333333, 4664.666666666666, 4995.0, 5325.333333333333, 5655.666666666666, 5986.0, 6316.333333333333, 6646.666666666666, 6977.0, 7307.333333333333, 7637.666666666666, 7968.0, 8298.333333333332, 8628.666666666666, 8959.0, 9289.333333333332, 9619.666666666666, 9950.0, 10280.333333333332, 10610.666666666666, 10941.0, 11271.333333333332, 11601.666666666666, 11932.0, 12262.333333333332, 12592.666666666666, 12923.0, 13253.333333333332, 13583.666666666666, 13914.0, 14244.333333333332, 14574.666666666666, 14905.0, 15235.333333333332, 15565.666666666666, 15896.0, 16226.333333333332, 16556.666666666664, 16887.0, 17217.333333333332, 17547.666666666664, 17878.0, 18208.333333333332, 18538.666666666664, 18869.0, 19199.333333333332, 19529.666666666664, 19860.0]

Variable Name: center_650_1
Variable Type: ndarray
Variable Value: [205.33333333333334, 536.0, 866.6666666666667, 1197.3333333333335, 1528.0, 1858.6666666666667, 2189.3333333333335, 2520.0, 2850.666666666667, 3181.3333333333335, 3512.0, 3842.666666666667, 4173.333333333334, 4504.0, 4834.666666666667, 5165.333333333334, 5496.0, 5826.666666666667, 6157.333333333334, 6488.0, 6818.666666666667, 7149.333333333334, 7480.0, 7810.666666666667, 8141.333333333334, 8472.0, 8802.666666666668, 9133.333333333334, 9464.0, 9794.666666666668, 10125.333333333334, 10456.0, 10786.666666666668, 11117.333333333334, 11448.0, 11778.666666666668, 12109.333333333334, 12440.0, 12770.666666666668, 13101.333333333334, 13432.0, 13762.666666666668, 14093.333333333334, 14424.0, 14754.666666666668, 15085.333333333334, 15416.0, 15746.666666666668, 16077.333333333334, 16408.0, 16738.666666666668, 17069.333333333336, 17400.0, 17730.666666666668, 18061.333333333336, 18392.0, 18722.666666666668, 19053.333333333336, 19384.0, 19714.666666666668]

Variable Name: center_650_2
Variable Type: ndarray
Variable Value: [203.83333333333334, 531.5, 859.1666666666667, 1186.8333333333335, 1514.5, 1842.1666666666667, 2169.8333333333335, 2497.5, 2825.166666666667, 3152.8333333333335, 3480.5, 3808.166666666667, 4135.833333333334, 4463.5, 4791.166666666667, 5118.833333333334, 5446.5, 5774.166666666667, 6101.833333333334, 6429.5, 6757.166666666667, 7084.833333333334, 7412.5, 7740.166666666667, 8067.833333333334, 8395.5, 8723.166666666668, 9050.833333333334, 9378.5, 9706.166666666668, 10033.833333333334, 10361.5, 10689.166666666668, 11016.833333333334, 11344.5, 11672.166666666668, 11999.833333333334, 12327.5, 12655.166666666668, 12982.833333333334, 13310.5, 13638.166666666668, 13965.833333333334, 14293.5, 14621.166666666668, 14948.833333333334, 15276.5, 15604.166666666668, 15931.833333333334, 16259.500000000002, 16587.166666666668, 16914.833333333336, 17242.5, 17570.166666666668, 17897.833333333336, 18225.5, 18553.166666666668, 18880.833333333336, 19208.5, 19536.166666666668]

Variable Name: center_650_3
Variable Type: ndarray
Variable Value: [205.16666666666666, 535.5, 865.8333333333333, 1196.1666666666665, 1526.5, 1856.8333333333333, 2187.1666666666665, 2517.5, 2847.833333333333, 3178.1666666666665, 3508.5, 3838.833333333333, 4169.166666666666, 4499.5, 4829.833333333333, 5160.166666666666, 5490.5, 5820.833333333333, 6151.166666666666, 6481.5, 6811.833333333333, 7142.166666666666, 7472.5, 7802.833333333333, 8133.166666666666, 8463.5, 8793.833333333332, 9124.166666666666, 9454.5, 9784.833333333332, 10115.166666666666, 10445.5, 10775.833333333332, 11106.166666666666, 11436.5, 11766.833333333332, 12097.166666666666, 12427.5, 12757.833333333332, 13088.166666666666, 13418.5, 13748.833333333332, 14079.166666666666, 14409.5, 14739.833333333332, 15070.166666666666, 15400.5, 15730.833333333332, 16061.166666666666, 16391.5, 16721.833333333332, 17052.166666666664, 17382.5, 17712.833333333332, 18043.166666666664, 18373.5, 18703.833333333332, 19034.166666666664, 19364.5, 19694.833333333332]

Variable Name: bins_700_1
Variable Type: ndarray
Variable Value: [389, 245, 188, 191, 128, 110, 83, 79, 66, 72, 64, 45, 44, 35, 43, 25, 21, 17, 17, 23, 14, 4, 9, 6, 10, 7, 6, 6, 4, 10, 5, 4, 2, 3, 3, 1, 3, 5, 4, 2, 2, 7, 2, 1, 4, 4, 4, 0, 1, 0, 3, 2, 2, 2, 2, 2, 2, 0, 1, 2]

Variable Name: edges_700_1
Variable Type: ndarray
Variable Value: [40.0, 370.3333333333333, 700.6666666666666, 1031.0, 1361.3333333333333, 1691.6666666666665, 2022.0, 2352.333333333333, 2682.6666666666665, 3013.0, 3343.333333333333, 3673.6666666666665, 4004.0, 4334.333333333333, 4664.666666666666, 4995.0, 5325.333333333333, 5655.666666666666, 5986.0, 6316.333333333333, 6646.666666666666, 6977.0, 7307.333333333333, 7637.666666666666, 7968.0, 8298.333333333332, 8628.666666666666, 8959.0, 9289.333333333332, 9619.666666666666, 9950.0, 10280.333333333332, 10610.666666666666, 10941.0, 11271.333333333332, 11601.666666666666, 11932.0, 12262.333333333332, 12592.666666666666, 12923.0, 13253.333333333332, 13583.666666666666, 13914.0, 14244.333333333332, 14574.666666666666, 14905.0, 15235.333333333332, 15565.666666666666, 15896.0, 16226.333333333332, 16556.666666666664, 16887.0, 17217.333333333332, 17547.666666666664, 17878.0, 18208.333333333332, 18538.666666666664, 18869.0, 19199.333333333332, 19529.666666666664, 19860.0]

Variable Name: bins_700_2
Variable Type: ndarray
Variable Value: [668, 223, 206, 171, 124, 132, 118, 99, 109, 83, 74, 71, 61, 57, 43, 28, 23, 31, 25, 28, 13, 18, 11, 4, 10, 4, 9, 9, 6, 7, 3, 6, 3, 5, 3, 3, 1, 5, 3, 4, 2, 2, 3, 2, 1, 4, 4, 0, 2, 2, 1, 2, 2, 2, 1, 4, 1, 3, 4, 1]

Variable Name: edges_700_2
Variable Type: ndarray
Variable Value: [40.0, 367.3333333333333, 694.6666666666666, 1022.0, 1349.3333333333333, 1676.6666666666665, 2004.0, 2331.333333333333, 2658.6666666666665, 2986.0, 3313.333333333333, 3640.6666666666665, 3968.0, 4295.333333333333, 4622.666666666666, 4950.0, 5277.333333333333, 5604.666666666666, 5932.0, 6259.333333333333, 6586.666666666666, 6914.0, 7241.333333333333, 7568.666666666666, 7896.0, 8223.333333333332, 8550.666666666666, 8878.0, 9205.333333333332, 9532.666666666666, 9860.0, 10187.333333333332, 10514.666666666666, 10842.0, 11169.333333333332, 11496.666666666666, 11824.0, 12151.333333333332, 12478.666666666666, 12806.0, 13133.333333333332, 13460.666666666666, 13788.0, 14115.333333333332, 14442.666666666666, 14770.0, 15097.333333333332, 15424.666666666666, 15752.0, 16079.333333333332, 16406.666666666664, 16734.0, 17061.333333333332, 17388.666666666664, 17716.0, 18043.333333333332, 18370.666666666664, 18698.0, 19025.333333333332, 19352.666666666664, 19680.0]

Variable Name: bins_700_3
Variable Type: ndarray
Variable Value: [292, 209, 160, 184, 138, 114, 75, 80, 71, 74, 59, 41, 53, 37, 19, 30, 28, 16, 22, 16, 7, 18, 12, 10, 10, 9, 8, 6, 7, 4, 3, 4, 2, 3, 1, 2, 4, 1, 6, 1, 1, 2, 2, 2, 1, 0, 2, 0, 2, 2, 1, 3, 2, 0, 1, 3, 3, 0, 0, 3]

Variable Name: edges_700_3
Variable Type: ndarray
Variable Value: [40.0, 371.0, 702.0, 1033.0, 1364.0, 1695.0, 2026.0, 2357.0, 2688.0, 3019.0, 3350.0, 3681.0, 4012.0, 4343.0, 4674.0, 5005.0, 5336.0, 5667.0, 5998.0, 6329.0, 6660.0, 6991.0, 7322.0, 7653.0, 7984.0, 8315.0, 8646.0, 8977.0, 9308.0, 9639.0, 9970.0, 10301.0, 10632.0, 10963.0, 11294.0, 11625.0, 11956.0, 12287.0, 12618.0, 12949.0, 13280.0, 13611.0, 13942.0, 14273.0, 14604.0, 14935.0, 15266.0, 15597.0, 15928.0, 16259.0, 16590.0, 16921.0, 17252.0, 17583.0, 17914.0, 18245.0, 18576.0, 18907.0, 19238.0, 19569.0, 19900.0]

Variable Name: center_700_1
Variable Type: ndarray
Variable Value: [205.16666666666666, 535.5, 865.8333333333333, 1196.1666666666665, 1526.5, 1856.8333333333333, 2187.1666666666665, 2517.5, 2847.833333333333, 3178.1666666666665, 3508.5, 3838.833333333333, 4169.166666666666, 4499.5, 4829.833333333333, 5160.166666666666, 5490.5, 5820.833333333333, 6151.166666666666, 6481.5, 6811.833333333333, 7142.166666666666, 7472.5, 7802.833333333333, 8133.166666666666, 8463.5, 8793.833333333332, 9124.166666666666, 9454.5, 9784.833333333332, 10115.166666666666, 10445.5, 10775.833333333332, 11106.166666666666, 11436.5, 11766.833333333332, 12097.166666666666, 12427.5, 12757.833333333332, 13088.166666666666, 13418.5, 13748.833333333332, 14079.166666666666, 14409.5, 14739.833333333332, 15070.166666666666, 15400.5, 15730.833333333332, 16061.166666666666, 16391.5, 16721.833333333332, 17052.166666666664, 17382.5, 17712.833333333332, 18043.166666666664, 18373.5, 18703.833333333332, 19034.166666666664, 19364.5, 19694.833333333332]

Variable Name: center_700_2
Variable Type: ndarray
Variable Value: [203.66666666666666, 531.0, 858.3333333333333, 1185.6666666666665, 1513.0, 1840.3333333333333, 2167.6666666666665, 2495.0, 2822.333333333333, 3149.6666666666665, 3477.0, 3804.333333333333, 4131.666666666666, 4459.0, 4786.333333333333, 5113.666666666666, 5441.0, 5768.333333333333, 6095.666666666666, 6423.0, 6750.333333333333, 7077.666666666666, 7405.0, 7732.333333333333, 8059.666666666666, 8387.0, 8714.333333333332, 9041.666666666666, 9369.0, 9696.333333333332, 10023.666666666666, 10351.0, 10678.333333333332, 11005.666666666666, 11333.0, 11660.333333333332, 11987.666666666666, 12315.0, 12642.333333333332, 12969.666666666666, 13297.0, 13624.333333333332, 13951.666666666666, 14279.0, 14606.333333333332, 14933.666666666666, 15261.0, 15588.333333333332, 15915.666666666666, 16242.999999999998, 16570.333333333332, 16897.666666666664, 17225.0, 17552.333333333332, 17879.666666666664, 18207.0, 18534.333333333332, 18861.666666666664, 19189.0, 19516.333333333332]

Variable Name: center_700_3
Variable Type: ndarray
Variable Value: [205.5, 536.5, 867.5, 1198.5, 1529.5, 1860.5, 2191.5, 2522.5, 2853.5, 3184.5, 3515.5, 3846.5, 4177.5, 4508.5, 4839.5, 5170.5, 5501.5, 5832.5, 6163.5, 6494.5, 6825.5, 7156.5, 7487.5, 7818.5, 8149.5, 8480.5, 8811.5, 9142.5, 9473.5, 9804.5, 10135.5, 10466.5, 10797.5, 11128.5, 11459.5, 11790.5, 12121.5, 12452.5, 12783.5, 13114.5, 13445.5, 13776.5, 14107.5, 14438.5, 14769.5, 15100.5, 15431.5, 15762.5, 16093.5, 16424.5, 16755.5, 17086.5, 17417.5, 17748.5, 18079.5, 18410.5, 18741.5, 19072.5, 19403.5, 19734.5]

Variable Name: bins_750_1
Variable Type: ndarray
Variable Value: [651, 440, 367, 316, 248, 240, 184, 168, 144, 117, 107, 102, 73, 54, 44, 47, 38, 23, 27, 23, 20, 19, 15, 18, 10, 15, 9, 12, 15, 9, 18, 6, 6, 6, 5, 3, 5, 4, 1, 3, 3, 2, 6, 4, 4, 6, 7, 3, 3, 2, 1, 1, 4, 2, 3, 4, 1, 3, 3, 2]

Variable Name: edges_750_1
Variable Type: ndarray
Variable Value: [40.0, 371.0, 702.0, 1033.0, 1364.0, 1695.0, 2026.0, 2357.0, 2688.0, 3019.0, 3350.0, 3681.0, 4012.0, 4343.0, 4674.0, 5005.0, 5336.0, 5667.0, 5998.0, 6329.0, 6660.0, 6991.0, 7322.0, 7653.0, 7984.0, 8315.0, 8646.0, 8977.0, 9308.0, 9639.0, 9970.0, 10301.0, 10632.0, 10963.0, 11294.0, 11625.0, 11956.0, 12287.0, 12618.0, 12949.0, 13280.0, 13611.0, 13942.0, 14273.0, 14604.0, 14935.0, 15266.0, 15597.0, 15928.0, 16259.0, 16590.0, 16921.0, 17252.0, 17583.0, 17914.0, 18245.0, 18576.0, 18907.0, 19238.0, 19569.0, 19900.0]

Variable Name: bins_750_2
Variable Type: ndarray
Variable Value: [533, 440, 317, 294, 229, 225, 203, 167, 142, 108, 99, 89, 84, 74, 59, 47, 41, 34, 33, 26, 21, 26, 19, 13, 17, 12, 12, 17, 3, 8, 10, 4, 4, 10, 2, 4, 1, 3, 5, 3, 9, 5, 2, 4, 2, 4, 5, 3, 0, 6, 0, 1, 0, 1, 1, 3, 7, 6, 4, 7]

Variable Name: edges_750_2
Variable Type: ndarray
Variable Value: [40.0, 371.6666666666667, 703.3333333333334, 1035.0, 1366.6666666666667, 1698.3333333333335, 2030.0, 2361.666666666667, 2693.3333333333335, 3025.0, 3356.666666666667, 3688.3333333333335, 4020.0, 4351.666666666667, 4683.333333333334, 5015.0, 5346.666666666667, 5678.333333333334, 6010.0, 6341.666666666667, 6673.333333333334, 7005.0, 7336.666666666667, 7668.333333333334, 8000.0, 8331.666666666668, 8663.333333333334, 8995.0, 9326.666666666668, 9658.333333333334, 9990.0, 10321.666666666668, 10653.333333333334, 10985.0, 11316.666666666668, 11648.333333333334, 11980.0, 12311.666666666668, 12643.333333333334, 12975.0, 13306.666666666668, 13638.333333333334, 13970.0, 14301.666666666668, 14633.333333333334, 14965.0, 15296.666666666668, 15628.333333333334, 15960.0, 16291.666666666668, 16623.333333333336, 16955.0, 17286.666666666668, 17618.333333333336, 17950.0, 18281.666666666668, 18613.333333333336, 18945.0, 19276.666666666668, 19608.333333333336, 19940.0]

Variable Name: bins_750_3
Variable Type: ndarray
Variable Value: [640, 426, 343, 294, 224, 232, 189, 148, 127, 103, 108, 68, 92, 73, 53, 46, 45, 41, 19, 28, 19, 16, 12, 14, 18, 8, 7, 10, 10, 4, 7, 7, 7, 7, 6, 9, 4, 5, 4, 4, 4, 7, 3, 3, 4, 3, 1, 1, 0, 4, 4, 0, 0, 1, 1, 2, 4, 3, 4, 7]

Variable Name: edges_750_3
Variable Type: ndarray
Variable Value: [40.0, 371.3333333333333, 702.6666666666666, 1034.0, 1365.3333333333333, 1696.6666666666665, 2028.0, 2359.333333333333, 2690.6666666666665, 3022.0, 3353.333333333333, 3684.6666666666665, 4016.0, 4347.333333333333, 4678.666666666666, 5010.0, 5341.333333333333, 5672.666666666666, 6004.0, 6335.333333333333, 6666.666666666666, 6998.0, 7329.333333333333, 7660.666666666666, 7992.0, 8323.333333333332, 8654.666666666666, 8986.0, 9317.333333333332, 9648.666666666666, 9980.0, 10311.333333333332, 10642.666666666666, 10974.0, 11305.333333333332, 11636.666666666666, 11968.0, 12299.333333333332, 12630.666666666666, 12962.0, 13293.333333333332, 13624.666666666666, 13956.0, 14287.333333333332, 14618.666666666666, 14950.0, 15281.333333333332, 15612.666666666666, 15944.0, 16275.333333333332, 16606.666666666664, 16938.0, 17269.333333333332, 17600.666666666664, 17932.0, 18263.333333333332, 18594.666666666664, 18926.0, 19257.333333333332, 19588.666666666664, 19920.0]

Variable Name: center_750_1
Variable Type: ndarray
Variable Value: [205.5, 536.5, 867.5, 1198.5, 1529.5, 1860.5, 2191.5, 2522.5, 2853.5, 3184.5, 3515.5, 3846.5, 4177.5, 4508.5, 4839.5, 5170.5, 5501.5, 5832.5, 6163.5, 6494.5, 6825.5, 7156.5, 7487.5, 7818.5, 8149.5, 8480.5, 8811.5, 9142.5, 9473.5, 9804.5, 10135.5, 10466.5, 10797.5, 11128.5, 11459.5, 11790.5, 12121.5, 12452.5, 12783.5, 13114.5, 13445.5, 13776.5, 14107.5, 14438.5, 14769.5, 15100.5, 15431.5, 15762.5, 16093.5, 16424.5, 16755.5, 17086.5, 17417.5, 17748.5, 18079.5, 18410.5, 18741.5, 19072.5, 19403.5, 19734.5]

Variable Name: center_750_2
Variable Type: ndarray
Variable Value: [205.83333333333334, 537.5, 869.1666666666667, 1200.8333333333335, 1532.5, 1864.1666666666667, 2195.8333333333335, 2527.5, 2859.166666666667, 3190.8333333333335, 3522.5, 3854.166666666667, 4185.833333333334, 4517.5, 4849.166666666667, 5180.833333333334, 5512.5, 5844.166666666667, 6175.833333333334, 6507.5, 6839.166666666667, 7170.833333333334, 7502.5, 7834.166666666667, 8165.833333333334, 8497.5, 8829.166666666668, 9160.833333333334, 9492.5, 9824.166666666668, 10155.833333333334, 10487.5, 10819.166666666668, 11150.833333333334, 11482.5, 11814.166666666668, 12145.833333333334, 12477.5, 12809.166666666668, 13140.833333333334, 13472.5, 13804.166666666668, 14135.833333333334, 14467.5, 14799.166666666668, 15130.833333333334, 15462.5, 15794.166666666668, 16125.833333333334, 16457.5, 16789.166666666668, 17120.833333333336, 17452.5, 17784.166666666668, 18115.833333333336, 18447.5, 18779.166666666668, 19110.833333333336, 19442.5, 19774.166666666668]

Variable Name: center_750_3
Variable Type: ndarray
Variable Value: [205.66666666666666, 537.0, 868.3333333333333, 1199.6666666666665, 1531.0, 1862.3333333333333, 2193.6666666666665, 2525.0, 2856.333333333333, 3187.6666666666665, 3519.0, 3850.333333333333, 4181.666666666666, 4513.0, 4844.333333333333, 5175.666666666666, 5507.0, 5838.333333333333, 6169.666666666666, 6501.0, 6832.333333333333, 7163.666666666666, 7495.0, 7826.333333333333, 8157.666666666666, 8489.0, 8820.333333333332, 9151.666666666666, 9483.0, 9814.333333333332, 10145.666666666666, 10477.0, 10808.333333333332, 11139.666666666666, 11471.0, 11802.333333333332, 12133.666666666666, 12465.0, 12796.333333333332, 13127.666666666666, 13459.0, 13790.333333333332, 14121.666666666666, 14453.0, 14784.333333333332, 15115.666666666666, 15447.0, 15778.333333333332, 16109.666666666666, 16441.0, 16772.333333333332, 17103.666666666664, 17435.0, 17766.333333333332, 18097.666666666664, 18429.0, 18760.333333333332, 19091.666666666664, 19423.0, 19754.333333333332]

Variable Name: x
Variable Type: ndarray
Variable Value: [205.66666666666666, 537.0, 868.3333333333333, 1199.6666666666665, 1531.0, 1862.3333333333333, 2193.6666666666665, 2525.0, 2856.333333333333, 3187.6666666666665, 3519.0, 3850.333333333333, 4181.666666666666, 4513.0, 4844.333333333333, 5175.666666666666, 5507.0, 5838.333333333333, 6169.666666666666, 6501.0, 6832.333333333333, 7163.666666666666, 7495.0, 7826.333333333333, 8157.666666666666, 8489.0, 8820.333333333332, 9151.666666666666, 9483.0, 9814.333333333332, 10145.666666666666, 10477.0, 10808.333333333332, 11139.666666666666, 11471.0, 11802.333333333332, 12133.666666666666, 12465.0, 12796.333333333332, 13127.666666666666, 13459.0, 13790.333333333332, 14121.666666666666, 14453.0, 14784.333333333332, 15115.666666666666, 15447.0, 15778.333333333332, 16109.666666666666, 16441.0, 16772.333333333332, 17103.666666666664, 17435.0, 17766.333333333332, 18097.666666666664, 18429.0, 18760.333333333332, 19091.666666666664, 19423.0, 19754.333333333332]

Variable Name: y
Variable Type: ndarray
Variable Value: [640, 426, 343, 294, 224, 232, 189, 148, 127, 103, 108, 68, 92, 73, 53, 46, 45, 41, 19, 28, 19, 16, 12, 14, 18, 8, 7, 10, 10, 4, 7, 7, 7, 7, 6, 9, 4, 5, 4, 4, 4, 7, 3, 3, 4, 3, 1, 1, 0, 4, 4, 0, 0, 1, 1, 2, 4, 3, 4, 7]

Variable Name: params
Variable Type: ndarray
Variable Value: [1.0, 1.0, 58.88333333345944]

Variable Name: N_0_fit
Variable Type: float64
Variable Value: 1.0

Variable Name: tau_fit
Variable Type: float64
Variable Value: 1.0

Variable Name: B_fit
Variable Type: float64
Variable Value: 58.88333333345944

